 v-sweep         v(Vdd)          i(Vout)        
 0.00000000e+00  0.00000000e+00 -8.79781740e-04 
 1.00000000e-02  1.00000000e-02 -7.48397553e-04 
 2.00000000e-02  2.00000000e-02 -6.30006261e-04 
 3.00000000e-02  3.00000000e-02 -5.24901352e-04 
 4.00000000e-02  4.00000000e-02 -4.32923125e-04 
 5.00000000e-02  5.00000000e-02 -3.54082313e-04 
 6.00000000e-02  6.00000000e-02 -2.87259367e-04 
 7.00000000e-02  7.00000000e-02 -2.31638558e-04 
 8.00000000e-02  8.00000000e-02 -1.86034855e-04 
 9.00000000e-02  9.00000000e-02 -1.49148799e-04 
 1.00000000e-01  1.00000000e-01 -1.19662223e-04 
 1.10000000e-01  1.10000000e-01 -9.63184523e-05 
 1.20000000e-01  1.20000000e-01 -7.79777141e-05 
 1.30000000e-01  1.30000000e-01 -6.36477015e-05 
 1.40000000e-01  1.40000000e-01 -5.00446199e-05 
 1.50000000e-01  1.50000000e-01 -4.38252738e-05 
 1.60000000e-01  1.60000000e-01 -3.70962914e-05 
 1.70000000e-01  1.70000000e-01 -3.18702447e-05 
 1.80000000e-01  1.80000000e-01 -2.78220185e-05 
 1.90000000e-01  1.90000000e-01 -2.47117618e-05 
 2.00000000e-01  2.00000000e-01 -2.24089339e-05 
 2.10000000e-01  2.10000000e-01 -2.08726420e-05 
 2.20000000e-01  2.20000000e-01 -1.98232832e-05 
 2.30000000e-01  2.30000000e-01 -1.89945918e-05 
 2.40000000e-01  2.40000000e-01 -1.83056824e-05 
 2.50000000e-01  2.50000000e-01 -1.77286093e-05 
 2.60000000e-01  2.60000000e-01 -1.72451568e-05 
 2.70000000e-01  2.70000000e-01 -1.68393144e-05 
 2.80000000e-01  2.80000000e-01 -1.64980607e-05 
 2.90000000e-01  2.90000000e-01 -1.62103497e-05 
 3.00000000e-01  3.00000000e-01 -1.59670181e-05 
 3.10000000e-01  3.10000000e-01 -1.57600645e-05 
 3.20000000e-01  3.20000000e-01 -1.55825792e-05 
 3.30000000e-01  3.30000000e-01 -1.54279385e-05 
 3.40000000e-01  3.40000000e-01 -1.53029155e-05 
 3.50000000e-01  3.50000000e-01 -1.51716499e-05 
 3.60000000e-01  3.60000000e-01 -1.50445399e-05 
 3.70000000e-01  3.70000000e-01 -1.49161558e-05 
 3.80000000e-01  3.80000000e-01 -1.47819361e-05 
 3.90000000e-01  3.90000000e-01 -1.46391772e-05 
 4.00000000e-01  4.00000000e-01 -1.44866117e-05 
 4.10000000e-01  4.10000000e-01 -1.43241093e-05 
 4.20000000e-01  4.20000000e-01 -1.41521546e-05 
 4.30000000e-01  4.30000000e-01 -1.39718839e-05 
 4.40000000e-01  4.40000000e-01 -1.37842734e-05 
 4.50000000e-01  4.50000000e-01 -1.35904185e-05 
 4.60000000e-01  4.60000000e-01 -1.33913586e-05 
 4.70000000e-01  4.70000000e-01 -1.31880442e-05 
 4.80000000e-01  4.80000000e-01 -1.29813258e-05 
 4.90000000e-01  4.90000000e-01 -1.27719502e-05 
 5.00000000e-01  5.00000000e-01 -1.25605633e-05 
 5.10000000e-01  5.10000000e-01 -1.23477158e-05 
 5.20000000e-01  5.20000000e-01 -1.21338702e-05 
 5.30000000e-01  5.30000000e-01 -1.19194062e-05 
 5.40000000e-01  5.40000000e-01 -1.17046266e-05 
 5.50000000e-01  5.50000000e-01 -1.14897601e-05 
 5.60000000e-01  5.60000000e-01 -1.12749624e-05 
 5.70000000e-01  5.70000000e-01 -1.10603148e-05 
 5.80000000e-01  5.80000000e-01 -1.08458215e-05 
 5.90000000e-01  5.90000000e-01 -1.06314042e-05 
 6.00000000e-01  6.00000000e-01 -1.04168963e-05 
 6.10000000e-01  6.10000000e-01 -1.02020362e-05 
 6.20000000e-01  6.20000000e-01 -9.98645914e-06 
 6.30000000e-01  6.30000000e-01 -9.76968949e-06 
 6.40000000e-01  6.40000000e-01 -9.55113078e-06 
 6.50000000e-01  6.50000000e-01 -9.33005616e-06 
 6.60000000e-01  6.60000000e-01 -9.10559806e-06 
 6.70000000e-01  6.70000000e-01 -8.87673917e-06 
 6.80000000e-01  6.80000000e-01 -8.64230623e-06 
 6.90000000e-01  6.90000000e-01 -8.40096946e-06 
 7.00000000e-01  7.00000000e-01 -8.15125186e-06 
 7.10000000e-01  7.10000000e-01 -7.89155277e-06 
 7.20000000e-01  7.20000000e-01 -7.62019218e-06 
 7.30000000e-01  7.30000000e-01 -7.33548849e-06 
 7.40000000e-01  7.40000000e-01 -7.03590117e-06 
 7.50000000e-01  7.50000000e-01 -6.72030224e-06 
 7.60000000e-01  7.60000000e-01 -6.38845427e-06 
 7.70000000e-01  7.70000000e-01 -6.04164440e-06 
 7.80000000e-01  7.80000000e-01 -5.68306705e-06 
 7.90000000e-01  7.90000000e-01 -5.31737622e-06 
 8.00000000e-01  8.00000000e-01 -4.94951055e-06 
 8.10000000e-01  8.10000000e-01 -4.58369082e-06 
 8.20000000e-01  8.20000000e-01 -4.22311962e-06 
 8.30000000e-01  8.30000000e-01 -3.87014621e-06 
 8.40000000e-01  8.40000000e-01 -3.52653331e-06 
 8.50000000e-01  8.50000000e-01 -3.19367315e-06 
 8.60000000e-01  8.60000000e-01 -2.87272993e-06 
 8.70000000e-01  8.70000000e-01 -2.56472519e-06 
 8.80000000e-01  8.80000000e-01 -2.27058356e-06 
 8.90000000e-01  8.90000000e-01 -1.99115239e-06 
 9.00000000e-01  9.00000000e-01 -1.72720273e-06 
 9.10000000e-01  9.10000000e-01 -1.47941683e-06 
 9.20000000e-01  9.20000000e-01 -1.24836487e-06 
 9.30000000e-01  9.30000000e-01 -1.03447429e-06 
 9.40000000e-01  9.40000000e-01 -8.37995429e-07 
 9.50000000e-01  9.50000000e-01 -6.58968990e-07 
 9.60000000e-01  9.60000000e-01 -4.97202772e-07 
 9.70000000e-01  9.70000000e-01 -3.52265778e-07 
 9.80000000e-01  9.80000000e-01 -2.23507045e-07 
 9.90000000e-01  9.90000000e-01 -1.10102306e-07 
 1.00000000e+00  1.00000000e+00 -1.11605387e-08 
 1.01000000e+00  1.01000000e+00  7.59999170e-08 
 1.02000000e+00  1.02000000e+00  1.53142135e-07 
 1.03000000e+00  1.03000000e+00  2.20223309e-07 
 1.04000000e+00  1.04000000e+00  2.77307437e-07 
 1.05000000e+00  1.05000000e+00  3.24667784e-07 
 1.06000000e+00  1.06000000e+00  3.62870628e-07 
 1.07000000e+00  1.07000000e+00  3.92836232e-07 
 1.08000000e+00  1.08000000e+00  4.15816938e-07 
 1.09000000e+00  1.09000000e+00  4.33254193e-07 
 1.10000000e+00  1.10000000e+00  4.46560102e-07 
 1.11000000e+00  1.11000000e+00  4.56933313e-07 
 1.12000000e+00  1.12000000e+00  4.65282679e-07 
 1.13000000e+00  1.13000000e+00  4.72246127e-07 
 1.14000000e+00  1.14000000e+00  4.78252003e-07 
 1.15000000e+00  1.15000000e+00  4.83582489e-07 
 1.16000000e+00  1.16000000e+00  4.88423181e-07 
 1.17000000e+00  1.17000000e+00  4.92897217e-07 
 1.18000000e+00  1.18000000e+00  4.97087444e-07 
 1.19000000e+00  1.19000000e+00  5.01050483e-07 
 1.20000000e+00  1.20000000e+00  5.04825657e-07 
 1.21000000e+00  1.21000000e+00  5.08440539e-07 
 1.22000000e+00  1.22000000e+00  5.11914573e-07 
 1.23000000e+00  1.23000000e+00  5.15261373e-07 
 1.24000000e+00  1.24000000e+00  5.18490193e-07 
 1.25000000e+00  1.25000000e+00  5.21606916e-07 
 1.26000000e+00  1.26000000e+00  5.24614552e-07 
 1.27000000e+00  1.27000000e+00  5.27513637e-07 
 1.28000000e+00  1.28000000e+00  5.30302362e-07 
 1.29000000e+00  1.29000000e+00  5.32976655e-07 
 1.30000000e+00  1.30000000e+00  5.35530220e-07 
 1.31000000e+00  1.31000000e+00  5.37954678e-07 
 1.32000000e+00  1.32000000e+00  5.40239824e-07 
 1.33000000e+00  1.33000000e+00  5.42374021e-07 
 1.34000000e+00  1.34000000e+00  5.44344728e-07 
 1.35000000e+00  1.35000000e+00  5.46138828e-07 
 1.36000000e+00  1.36000000e+00  5.47742740e-07 
 1.37000000e+00  1.37000000e+00  5.49142244e-07 
 1.38000000e+00  1.38000000e+00  5.50322158e-07 
 1.39000000e+00  1.39000000e+00  5.51266129e-07 
 1.40000000e+00  1.40000000e+00  5.51956490e-07 
 1.41000000e+00  1.41000000e+00  5.52374330e-07 
 1.42000000e+00  1.42000000e+00  5.52499655e-07 
 1.43000000e+00  1.43000000e+00  5.52311717e-07 
 1.44000000e+00  1.44000000e+00  5.51789363e-07 
 1.45000000e+00  1.45000000e+00  5.50911627e-07 
 1.46000000e+00  1.46000000e+00  5.49658272e-07 
 1.47000000e+00  1.47000000e+00  5.48010702e-07 
 1.48000000e+00  1.48000000e+00  5.45953205e-07 
 1.49000000e+00  1.49000000e+00  5.43474612e-07 
 1.50000000e+00  1.50000000e+00  5.40570697e-07 
 1.51000000e+00  1.51000000e+00  5.37247091e-07 
 1.52000000e+00  1.52000000e+00  5.33522284e-07 
 1.53000000e+00  1.53000000e+00  5.29429415e-07 
 1.54000000e+00  1.54000000e+00  5.25015483e-07 
 1.55000000e+00  1.55000000e+00  5.20336997e-07 
 1.56000000e+00  1.56000000e+00  5.15453183e-07 
 1.57000000e+00  1.57000000e+00  5.10419401e-07 
 1.58000000e+00  1.58000000e+00  5.05282677e-07 
 1.59000000e+00  1.59000000e+00  5.00080317e-07 
 1.60000000e+00  1.60000000e+00  4.94840493e-07 
 1.61000000e+00  1.61000000e+00  4.89583914e-07 
 1.62000000e+00  1.62000000e+00  4.84325582e-07 
 1.63000000e+00  1.63000000e+00  4.79076375e-07 
 1.64000000e+00  1.64000000e+00  4.73844210e-07 
 1.65000000e+00  1.65000000e+00  4.68634910e-07 
 1.66000000e+00  1.66000000e+00  4.63452831e-07 
 1.67000000e+00  1.67000000e+00  4.58301281e-07 
 1.68000000e+00  1.68000000e+00  4.53182766e-07 
 1.69000000e+00  1.69000000e+00  4.48099281e-07 
 1.70000000e+00  1.70000000e+00  4.43052379e-07 
 1.71000000e+00  1.71000000e+00  4.38043311e-07 
 1.72000000e+00  1.72000000e+00  4.33073063e-07 
 1.73000000e+00  1.73000000e+00  4.28142470e-07 
 1.74000000e+00  1.74000000e+00  4.23252194e-07 
 1.75000000e+00  1.75000000e+00  4.18402780e-07 
 1.76000000e+00  1.76000000e+00  4.13594672e-07 
 1.77000000e+00  1.77000000e+00  4.08828243e-07 
 1.78000000e+00  1.78000000e+00  4.04103783e-07 
 1.79000000e+00  1.79000000e+00  3.99421535e-07 
 1.80000000e+00  1.80000000e+00  3.94781683e-07 
