 yes             v(b0)           v(b1)           v(b2)           v(b3)           v(b4)           v(b5)           v(b6)           i(viin)         i(viout)       
 1.00000000e+00  0.00000000e+00  0.00000000e+00  0.00000000e+00  0.00000000e+00  0.00000000e+00  0.00000000e+00  0.00000000e+00  1.67306396e-06  1.49756829e-08 
 1.00000000e+00  1.00000000e+00  0.00000000e+00  0.00000000e+00  0.00000000e+00  0.00000000e+00  0.00000000e+00  0.00000000e+00  1.67306349e-06 -6.58540358e-07 
 1.00000000e+00  0.00000000e+00  1.00000000e+00  0.00000000e+00  0.00000000e+00  0.00000000e+00  0.00000000e+00  0.00000000e+00  1.67306339e-06 -6.50912682e-07 
 1.00000000e+00  1.00000000e+00  1.00000000e+00  0.00000000e+00  0.00000000e+00  0.00000000e+00  0.00000000e+00  0.00000000e+00  1.67306333e-06 -7.53157991e-07 
 1.00000000e+00  0.00000000e+00  0.00000000e+00  1.00000000e+00  0.00000000e+00  0.00000000e+00  0.00000000e+00  0.00000000e+00  1.67306323e-06 -6.35255489e-07 
 1.00000000e+00  1.00000000e+00  0.00000000e+00  1.00000000e+00  0.00000000e+00  0.00000000e+00  0.00000000e+00  0.00000000e+00  1.67306321e-06 -7.64963573e-07 
 1.00000000e+00  0.00000000e+00  1.00000000e+00  1.00000000e+00  0.00000000e+00  0.00000000e+00  0.00000000e+00  0.00000000e+00  1.67306312e-06 -7.46166407e-07 
 1.00000000e+00  1.00000000e+00  1.00000000e+00  1.00000000e+00  0.00000000e+00  0.00000000e+00  0.00000000e+00  0.00000000e+00  1.67306308e-06 -7.62509757e-07 
 1.00000000e+00  0.00000000e+00  0.00000000e+00  0.00000000e+00  1.00000000e+00  0.00000000e+00  0.00000000e+00  0.00000000e+00  1.67306289e-06 -6.01608903e-07 
 1.00000000e+00  1.00000000e+00  0.00000000e+00  0.00000000e+00  1.00000000e+00  0.00000000e+00  0.00000000e+00  0.00000000e+00  1.67306298e-06 -7.65444014e-07 
 1.00000000e+00  0.00000000e+00  1.00000000e+00  0.00000000e+00  1.00000000e+00  0.00000000e+00  0.00000000e+00  0.00000000e+00  1.67306285e-06 -7.58153703e-07 
 1.00000000e+00  1.00000000e+00  1.00000000e+00  0.00000000e+00  1.00000000e+00  0.00000000e+00  0.00000000e+00  0.00000000e+00  1.67306289e-06 -7.70728818e-07 
 1.00000000e+00  0.00000000e+00  0.00000000e+00  1.00000000e+00  1.00000000e+00  0.00000000e+00  0.00000000e+00  0.00000000e+00  1.67306265e-06 -7.27227800e-07 
 1.00000000e+00  1.00000000e+00  0.00000000e+00  1.00000000e+00  1.00000000e+00  0.00000000e+00  0.00000000e+00  0.00000000e+00  1.67306279e-06 -7.69346144e-07 
 1.00000000e+00  0.00000000e+00  1.00000000e+00  1.00000000e+00  1.00000000e+00  0.00000000e+00  0.00000000e+00  0.00000000e+00  1.67306258e-06 -7.50767001e-07 
 1.00000000e+00  1.00000000e+00  1.00000000e+00  1.00000000e+00  1.00000000e+00  0.00000000e+00  0.00000000e+00  0.00000000e+00  1.67306256e-06 -7.57566298e-07 
 1.00000000e+00  0.00000000e+00  0.00000000e+00  0.00000000e+00  0.00000000e+00  1.00000000e+00  0.00000000e+00  0.00000000e+00  1.67306216e-06 -5.24410893e-07 
 1.00000000e+00  1.00000000e+00  0.00000000e+00  0.00000000e+00  0.00000000e+00  1.00000000e+00  0.00000000e+00  0.00000000e+00  1.67306244e-06 -7.58060992e-07 
 1.00000000e+00  0.00000000e+00  1.00000000e+00  0.00000000e+00  0.00000000e+00  1.00000000e+00  0.00000000e+00  0.00000000e+00  1.67306230e-06 -7.52314946e-07 
 1.00000000e+00  1.00000000e+00  1.00000000e+00  0.00000000e+00  0.00000000e+00  1.00000000e+00  0.00000000e+00  0.00000000e+00  1.67306246e-06 -7.69357783e-07 
 1.00000000e+00  0.00000000e+00  0.00000000e+00  1.00000000e+00  0.00000000e+00  1.00000000e+00  0.00000000e+00  0.00000000e+00  1.67306210e-06 -7.35297732e-07 
 1.00000000e+00  1.00000000e+00  0.00000000e+00  1.00000000e+00  0.00000000e+00  1.00000000e+00  0.00000000e+00  0.00000000e+00  1.67306237e-06 -7.70586681e-07 
 1.00000000e+00  0.00000000e+00  1.00000000e+00  1.00000000e+00  0.00000000e+00  1.00000000e+00  0.00000000e+00  0.00000000e+00  1.67306215e-06 -7.60400113e-07 
 1.00000000e+00  1.00000000e+00  1.00000000e+00  1.00000000e+00  0.00000000e+00  1.00000000e+00  0.00000000e+00  0.00000000e+00  1.67306218e-06 -7.66186218e-07 
 1.00000000e+00  0.00000000e+00  0.00000000e+00  0.00000000e+00  1.00000000e+00  1.00000000e+00  0.00000000e+00  0.00000000e+00  1.67306159e-06 -6.65272864e-07 
 1.00000000e+00  1.00000000e+00  0.00000000e+00  0.00000000e+00  1.00000000e+00  1.00000000e+00  0.00000000e+00  0.00000000e+00  1.67306203e-06 -7.64305767e-07 
 1.00000000e+00  0.00000000e+00  1.00000000e+00  0.00000000e+00  1.00000000e+00  1.00000000e+00  0.00000000e+00  0.00000000e+00  1.67306183e-06 -7.54428171e-07 
 1.00000000e+00  1.00000000e+00  1.00000000e+00  0.00000000e+00  1.00000000e+00  1.00000000e+00  0.00000000e+00  0.00000000e+00  1.67306195e-06 -7.66239367e-07 
 1.00000000e+00  0.00000000e+00  0.00000000e+00  1.00000000e+00  1.00000000e+00  1.00000000e+00  0.00000000e+00  0.00000000e+00  1.67306139e-06 -7.03996378e-07 
 1.00000000e+00  1.00000000e+00  0.00000000e+00  1.00000000e+00  1.00000000e+00  1.00000000e+00  0.00000000e+00  0.00000000e+00  1.67306171e-06 -7.59672403e-07 
 1.00000000e+00  0.00000000e+00  1.00000000e+00  1.00000000e+00  1.00000000e+00  1.00000000e+00  0.00000000e+00  0.00000000e+00  1.67306128e-06 -7.17735546e-07 
 1.00000000e+00  1.00000000e+00  1.00000000e+00  1.00000000e+00  1.00000000e+00  1.00000000e+00  0.00000000e+00  0.00000000e+00  1.67306124e-06 -7.23336214e-07 
 1.00000000e+00  0.00000000e+00  0.00000000e+00  0.00000000e+00  0.00000000e+00  0.00000000e+00  1.00000000e+00  0.00000000e+00  1.67306056e-06 -3.33284845e-07 
 1.00000000e+00  1.00000000e+00  0.00000000e+00  0.00000000e+00  0.00000000e+00  0.00000000e+00  1.00000000e+00  0.00000000e+00  1.67306109e-06 -7.20479534e-07 
 1.00000000e+00  0.00000000e+00  1.00000000e+00  0.00000000e+00  0.00000000e+00  0.00000000e+00  1.00000000e+00  0.00000000e+00  1.67306095e-06 -7.11349074e-07 
 1.00000000e+00  1.00000000e+00  1.00000000e+00  0.00000000e+00  0.00000000e+00  0.00000000e+00  1.00000000e+00  0.00000000e+00  1.67306127e-06 -7.55704079e-07 
 1.00000000e+00  0.00000000e+00  0.00000000e+00  1.00000000e+00  0.00000000e+00  0.00000000e+00  1.00000000e+00  0.00000000e+00  1.67306068e-06 -6.89290886e-07 
 1.00000000e+00  1.00000000e+00  0.00000000e+00  1.00000000e+00  0.00000000e+00  0.00000000e+00  1.00000000e+00  0.00000000e+00  1.67306125e-06 -7.61309025e-07 
 1.00000000e+00  0.00000000e+00  1.00000000e+00  1.00000000e+00  0.00000000e+00  0.00000000e+00  1.00000000e+00  0.00000000e+00  1.67306091e-06 -7.43951588e-07 
 1.00000000e+00  1.00000000e+00  1.00000000e+00  1.00000000e+00  0.00000000e+00  0.00000000e+00  1.00000000e+00  0.00000000e+00  1.67306102e-06 -7.56051378e-07 
 1.00000000e+00  0.00000000e+00  0.00000000e+00  0.00000000e+00  1.00000000e+00  0.00000000e+00  1.00000000e+00  0.00000000e+00  1.67306015e-06 -6.27847299e-07 
 1.00000000e+00  1.00000000e+00  0.00000000e+00  0.00000000e+00  1.00000000e+00  0.00000000e+00  1.00000000e+00  0.00000000e+00  1.67306090e-06 -7.56208919e-07 
 1.00000000e+00  0.00000000e+00  1.00000000e+00  0.00000000e+00  1.00000000e+00  0.00000000e+00  1.00000000e+00  0.00000000e+00  1.67306065e-06 -7.44910196e-07 
 1.00000000e+00  1.00000000e+00  1.00000000e+00  0.00000000e+00  1.00000000e+00  0.00000000e+00  1.00000000e+00  0.00000000e+00  1.67306089e-06 -7.61345873e-07 
 1.00000000e+00  0.00000000e+00  0.00000000e+00  1.00000000e+00  1.00000000e+00  0.00000000e+00  1.00000000e+00  0.00000000e+00  1.67306011e-06 -6.99229489e-07 
 1.00000000e+00  1.00000000e+00  0.00000000e+00  1.00000000e+00  1.00000000e+00  0.00000000e+00  1.00000000e+00  0.00000000e+00  1.67306065e-06 -7.56351369e-07 
 1.00000000e+00  0.00000000e+00  1.00000000e+00  1.00000000e+00  1.00000000e+00  0.00000000e+00  1.00000000e+00  0.00000000e+00  1.67306011e-06 -7.20743742e-07 
 1.00000000e+00  1.00000000e+00  1.00000000e+00  1.00000000e+00  1.00000000e+00  0.00000000e+00  1.00000000e+00  0.00000000e+00  1.67306011e-06 -7.28844114e-07 
 1.00000000e+00  0.00000000e+00  0.00000000e+00  0.00000000e+00  0.00000000e+00  1.00000000e+00  1.00000000e+00  0.00000000e+00  1.67305907e-06 -4.31690381e-07 
 1.00000000e+00  1.00000000e+00  0.00000000e+00  0.00000000e+00  0.00000000e+00  1.00000000e+00  1.00000000e+00  0.00000000e+00  1.67305990e-06 -7.22236123e-07 
 1.00000000e+00  0.00000000e+00  1.00000000e+00  0.00000000e+00  0.00000000e+00  1.00000000e+00  1.00000000e+00  0.00000000e+00  1.67305969e-06 -7.04476435e-07 
 1.00000000e+00  1.00000000e+00  1.00000000e+00  0.00000000e+00  0.00000000e+00  1.00000000e+00  1.00000000e+00  0.00000000e+00  1.67306006e-06 -7.46180632e-07 
 1.00000000e+00  0.00000000e+00  0.00000000e+00  1.00000000e+00  0.00000000e+00  1.00000000e+00  1.00000000e+00  0.00000000e+00  1.67305922e-06 -6.52217636e-07 
 1.00000000e+00  1.00000000e+00  0.00000000e+00  1.00000000e+00  0.00000000e+00  1.00000000e+00  1.00000000e+00  0.00000000e+00  1.67305993e-06 -7.46342494e-07 
 1.00000000e+00  0.00000000e+00  1.00000000e+00  1.00000000e+00  0.00000000e+00  1.00000000e+00  1.00000000e+00  0.00000000e+00  1.67305938e-06 -7.07140501e-07 
 1.00000000e+00  1.00000000e+00  1.00000000e+00  1.00000000e+00  0.00000000e+00  1.00000000e+00  1.00000000e+00  0.00000000e+00  1.67305948e-06 -7.24487421e-07 
 1.00000000e+00  0.00000000e+00  0.00000000e+00  0.00000000e+00  1.00000000e+00  1.00000000e+00  1.00000000e+00  0.00000000e+00  1.67305836e-06 -4.66604831e-07 
 1.00000000e+00  1.00000000e+00  0.00000000e+00  0.00000000e+00  1.00000000e+00  1.00000000e+00  1.00000000e+00  0.00000000e+00  1.67305917e-06 -7.08876598e-07 
 1.00000000e+00  0.00000000e+00  1.00000000e+00  0.00000000e+00  1.00000000e+00  1.00000000e+00  1.00000000e+00  0.00000000e+00  1.67305878e-06 -6.60708210e-07 
 1.00000000e+00  1.00000000e+00  1.00000000e+00  0.00000000e+00  1.00000000e+00  1.00000000e+00  1.00000000e+00  0.00000000e+00  1.67305902e-06 -7.09782455e-07 
 1.00000000e+00  0.00000000e+00  0.00000000e+00  1.00000000e+00  1.00000000e+00  1.00000000e+00  1.00000000e+00  0.00000000e+00  1.67305803e-06 -4.80788415e-07 
 1.00000000e+00  1.00000000e+00  0.00000000e+00  1.00000000e+00  1.00000000e+00  1.00000000e+00  1.00000000e+00  0.00000000e+00  1.67305853e-06 -6.63880712e-07 
 1.00000000e+00  0.00000000e+00  1.00000000e+00  1.00000000e+00  1.00000000e+00  1.00000000e+00  1.00000000e+00  0.00000000e+00  1.67305785e-06 -4.87716321e-07 
 1.00000000e+00  1.00000000e+00  1.00000000e+00  1.00000000e+00  1.00000000e+00  1.00000000e+00  1.00000000e+00  0.00000000e+00  1.67305777e-06 -4.90618845e-07 
 1.00000000e+00  0.00000000e+00  0.00000000e+00  0.00000000e+00  0.00000000e+00  0.00000000e+00  0.00000000e+00  1.00000000e+00  1.67305697e-06  1.69861750e-07 
 1.00000000e+00  1.00000000e+00  0.00000000e+00  0.00000000e+00  0.00000000e+00  0.00000000e+00  0.00000000e+00  1.00000000e+00  1.67305754e-06 -4.75145811e-07 
 1.00000000e+00  0.00000000e+00  1.00000000e+00  0.00000000e+00  0.00000000e+00  0.00000000e+00  0.00000000e+00  1.00000000e+00  1.67305739e-06 -4.54905987e-07 
 1.00000000e+00  1.00000000e+00  1.00000000e+00  0.00000000e+00  0.00000000e+00  0.00000000e+00  0.00000000e+00  1.00000000e+00  1.67305790e-06 -6.34671821e-07 
 1.00000000e+00  0.00000000e+00  0.00000000e+00  1.00000000e+00  0.00000000e+00  0.00000000e+00  0.00000000e+00  1.00000000e+00  1.67305712e-06 -4.12764663e-07 
 1.00000000e+00  1.00000000e+00  0.00000000e+00  1.00000000e+00  0.00000000e+00  0.00000000e+00  0.00000000e+00  1.00000000e+00  1.67305797e-06 -6.74444905e-07 
 1.00000000e+00  0.00000000e+00  1.00000000e+00  1.00000000e+00  0.00000000e+00  0.00000000e+00  0.00000000e+00  1.00000000e+00  1.67305746e-06 -5.95628109e-07 
 1.00000000e+00  1.00000000e+00  1.00000000e+00  1.00000000e+00  0.00000000e+00  0.00000000e+00  0.00000000e+00  1.00000000e+00  1.67305767e-06 -6.54973292e-07 
 1.00000000e+00  0.00000000e+00  0.00000000e+00  0.00000000e+00  1.00000000e+00  0.00000000e+00  0.00000000e+00  1.00000000e+00  1.67305657e-06 -3.21649068e-07 
 1.00000000e+00  1.00000000e+00  0.00000000e+00  0.00000000e+00  1.00000000e+00  0.00000000e+00  0.00000000e+00  1.00000000e+00  1.67305756e-06 -6.63807626e-07 
 1.00000000e+00  0.00000000e+00  1.00000000e+00  0.00000000e+00  1.00000000e+00  0.00000000e+00  0.00000000e+00  1.00000000e+00  1.67305722e-06 -6.20532532e-07 
 1.00000000e+00  1.00000000e+00  1.00000000e+00  0.00000000e+00  1.00000000e+00  0.00000000e+00  0.00000000e+00  1.00000000e+00  1.67305764e-06 -6.94475673e-07 
 1.00000000e+00  0.00000000e+00  0.00000000e+00  1.00000000e+00  1.00000000e+00  0.00000000e+00  0.00000000e+00  1.00000000e+00  1.67305655e-06 -4.96671021e-07 
 1.00000000e+00  1.00000000e+00  0.00000000e+00  1.00000000e+00  1.00000000e+00  0.00000000e+00  0.00000000e+00  1.00000000e+00  1.67305734e-06 -6.78655482e-07 
 1.00000000e+00  0.00000000e+00  1.00000000e+00  1.00000000e+00  1.00000000e+00  0.00000000e+00  0.00000000e+00  1.00000000e+00  1.67305662e-06 -5.63995286e-07 
 1.00000000e+00  1.00000000e+00  1.00000000e+00  1.00000000e+00  1.00000000e+00  0.00000000e+00  0.00000000e+00  1.00000000e+00  1.67305664e-06 -5.92231714e-07 
 1.00000000e+00  0.00000000e+00  0.00000000e+00  0.00000000e+00  0.00000000e+00  1.00000000e+00  0.00000000e+00  1.00000000e+00  1.67305544e-06 -1.13077746e-07 
 1.00000000e+00  1.00000000e+00  0.00000000e+00  0.00000000e+00  0.00000000e+00  1.00000000e+00  0.00000000e+00  1.00000000e+00  1.67305643e-06 -5.84357380e-07 
 1.00000000e+00  0.00000000e+00  1.00000000e+00  0.00000000e+00  0.00000000e+00  1.00000000e+00  0.00000000e+00  1.00000000e+00  1.67305617e-06 -5.46335187e-07 
 1.00000000e+00  1.00000000e+00  1.00000000e+00  0.00000000e+00  0.00000000e+00  1.00000000e+00  0.00000000e+00  1.00000000e+00  1.67305673e-06 -6.62098344e-07 
 1.00000000e+00  0.00000000e+00  0.00000000e+00  1.00000000e+00  0.00000000e+00  1.00000000e+00  0.00000000e+00  1.00000000e+00  1.67305568e-06 -4.56107742e-07 
 1.00000000e+00  1.00000000e+00  0.00000000e+00  1.00000000e+00  0.00000000e+00  1.00000000e+00  0.00000000e+00  1.00000000e+00  1.67305661e-06 -6.69164749e-07 
 1.00000000e+00  0.00000000e+00  1.00000000e+00  1.00000000e+00  0.00000000e+00  1.00000000e+00  0.00000000e+00  1.00000000e+00  1.67305594e-06 -5.73675322e-07 
 1.00000000e+00  1.00000000e+00  1.00000000e+00  1.00000000e+00  0.00000000e+00  1.00000000e+00  0.00000000e+00  1.00000000e+00  1.67305607e-06 -6.17944067e-07 
 1.00000000e+00  0.00000000e+00  0.00000000e+00  0.00000000e+00  1.00000000e+00  1.00000000e+00  0.00000000e+00  1.00000000e+00  1.67305479e-06 -2.25239546e-07 
 1.00000000e+00  1.00000000e+00  0.00000000e+00  0.00000000e+00  1.00000000e+00  1.00000000e+00  0.00000000e+00  1.00000000e+00  1.67305576e-06 -5.91737759e-07 
 1.00000000e+00  0.00000000e+00  1.00000000e+00  0.00000000e+00  1.00000000e+00  1.00000000e+00  0.00000000e+00  1.00000000e+00  1.67305530e-06 -5.07649986e-07 
 1.00000000e+00  1.00000000e+00  1.00000000e+00  0.00000000e+00  1.00000000e+00  1.00000000e+00  0.00000000e+00  1.00000000e+00  1.67305565e-06 -6.02441503e-07 
 1.00000000e+00  0.00000000e+00  0.00000000e+00  1.00000000e+00  1.00000000e+00  1.00000000e+00  0.00000000e+00  1.00000000e+00  1.67305449e-06 -2.74135928e-07 
 1.00000000e+00  1.00000000e+00  0.00000000e+00  1.00000000e+00  1.00000000e+00  1.00000000e+00  0.00000000e+00  1.00000000e+00  1.67305511e-06 -5.29419069e-07 
 1.00000000e+00  0.00000000e+00  1.00000000e+00  1.00000000e+00  1.00000000e+00  1.00000000e+00  0.00000000e+00  1.00000000e+00  1.67305433e-06 -2.97538577e-07 
 1.00000000e+00  1.00000000e+00  1.00000000e+00  1.00000000e+00  1.00000000e+00  1.00000000e+00  0.00000000e+00  1.00000000e+00  1.67305425e-06 -3.08369906e-07 
 1.00000000e+00  0.00000000e+00  0.00000000e+00  0.00000000e+00  0.00000000e+00  0.00000000e+00  1.00000000e+00  1.00000000e+00  1.67305319e-06  3.87773326e-07 
 1.00000000e+00  1.00000000e+00  0.00000000e+00  0.00000000e+00  0.00000000e+00  0.00000000e+00  1.00000000e+00  1.00000000e+00  1.67305398e-06 -2.76542139e-07 
 1.00000000e+00  0.00000000e+00  1.00000000e+00  0.00000000e+00  0.00000000e+00  0.00000000e+00  1.00000000e+00  1.00000000e+00  1.67305379e-06 -2.32031056e-07 
 1.00000000e+00  1.00000000e+00  1.00000000e+00  0.00000000e+00  0.00000000e+00  0.00000000e+00  1.00000000e+00  1.00000000e+00  1.67305427e-06 -4.57182836e-07 
 1.00000000e+00  0.00000000e+00  0.00000000e+00  1.00000000e+00  0.00000000e+00  0.00000000e+00  1.00000000e+00  1.00000000e+00  1.67305337e-06 -1.38305438e-07 
 1.00000000e+00  1.00000000e+00  0.00000000e+00  1.00000000e+00  0.00000000e+00  0.00000000e+00  1.00000000e+00  1.00000000e+00  1.67305424e-06 -4.99036275e-07 
 1.00000000e+00  0.00000000e+00  1.00000000e+00  1.00000000e+00  0.00000000e+00  0.00000000e+00  1.00000000e+00  1.00000000e+00  1.67305365e-06 -3.46216098e-07 
 1.00000000e+00  1.00000000e+00  1.00000000e+00  1.00000000e+00  0.00000000e+00  0.00000000e+00  1.00000000e+00  1.00000000e+00  1.67305381e-06 -4.32805109e-07 
 1.00000000e+00  0.00000000e+00  0.00000000e+00  0.00000000e+00  1.00000000e+00  0.00000000e+00  1.00000000e+00  1.00000000e+00  1.67305266e-06  6.58178152e-08 
 1.00000000e+00  1.00000000e+00  0.00000000e+00  0.00000000e+00  1.00000000e+00  0.00000000e+00  1.00000000e+00  1.00000000e+00  1.67305357e-06 -4.20423916e-07 
 1.00000000e+00  0.00000000e+00  1.00000000e+00  0.00000000e+00  1.00000000e+00  0.00000000e+00  1.00000000e+00  1.00000000e+00  1.67305317e-06 -3.18267780e-07 
 1.00000000e+00  1.00000000e+00  1.00000000e+00  0.00000000e+00  1.00000000e+00  0.00000000e+00  1.00000000e+00  1.00000000e+00  1.67305353e-06 -4.64036788e-07 
 1.00000000e+00  0.00000000e+00  0.00000000e+00  1.00000000e+00  1.00000000e+00  0.00000000e+00  1.00000000e+00  1.00000000e+00  1.67305244e-06 -7.42486463e-08 
 1.00000000e+00  1.00000000e+00  0.00000000e+00  1.00000000e+00  1.00000000e+00  0.00000000e+00  1.00000000e+00  1.00000000e+00  1.67305310e-06 -3.93602306e-07 
 1.00000000e+00  0.00000000e+00  1.00000000e+00  1.00000000e+00  1.00000000e+00  0.00000000e+00  1.00000000e+00  1.00000000e+00  1.67305236e-06 -1.39478558e-07 
 1.00000000e+00  1.00000000e+00  1.00000000e+00  1.00000000e+00  1.00000000e+00  0.00000000e+00  1.00000000e+00  1.00000000e+00  1.67305232e-06 -1.70205809e-07 
 1.00000000e+00  0.00000000e+00  0.00000000e+00  0.00000000e+00  0.00000000e+00  1.00000000e+00  1.00000000e+00  1.00000000e+00  1.67305121e-06  5.32392079e-07 
 1.00000000e+00  1.00000000e+00  0.00000000e+00  0.00000000e+00  0.00000000e+00  1.00000000e+00  1.00000000e+00  1.00000000e+00  1.67305199e-06 -1.13772401e-07 
 1.00000000e+00  0.00000000e+00  1.00000000e+00  0.00000000e+00  0.00000000e+00  1.00000000e+00  1.00000000e+00  1.00000000e+00  1.67305169e-06 -2.20916974e-08 
 1.00000000e+00  1.00000000e+00  1.00000000e+00  0.00000000e+00  0.00000000e+00  1.00000000e+00  1.00000000e+00  1.00000000e+00  1.67305209e-06 -2.48937312e-07 
 1.00000000e+00  0.00000000e+00  0.00000000e+00  1.00000000e+00  0.00000000e+00  1.00000000e+00  1.00000000e+00  1.00000000e+00  1.67305119e-06  1.75099828e-07 
 1.00000000e+00  1.00000000e+00  0.00000000e+00  1.00000000e+00  0.00000000e+00  1.00000000e+00  1.00000000e+00  1.00000000e+00  1.67305184e-06 -2.32508981e-07 
 1.00000000e+00  0.00000000e+00  1.00000000e+00  1.00000000e+00  0.00000000e+00  1.00000000e+00  1.00000000e+00  1.00000000e+00  1.67305123e-06  1.45360417e-08 
 1.00000000e+00  1.00000000e+00  1.00000000e+00  1.00000000e+00  0.00000000e+00  1.00000000e+00  1.00000000e+00  1.00000000e+00  1.67305126e-06 -6.00932282e-08 
 1.00000000e+00  0.00000000e+00  0.00000000e+00  0.00000000e+00  1.00000000e+00  1.00000000e+00  1.00000000e+00  1.00000000e+00  1.67305020e-06  6.13758843e-07 
 1.00000000e+00  1.00000000e+00  0.00000000e+00  0.00000000e+00  1.00000000e+00  1.00000000e+00  1.00000000e+00  1.00000000e+00  1.67305085e-06  4.25377493e-08 
 1.00000000e+00  0.00000000e+00  1.00000000e+00  0.00000000e+00  1.00000000e+00  1.00000000e+00  1.00000000e+00  1.00000000e+00  1.67305044e-06  2.33581986e-07 
 1.00000000e+00  1.00000000e+00  1.00000000e+00  0.00000000e+00  1.00000000e+00  1.00000000e+00  1.00000000e+00  1.00000000e+00  1.67305059e-06  6.21832328e-08 
 1.00000000e+00  0.00000000e+00  0.00000000e+00  1.00000000e+00  1.00000000e+00  1.00000000e+00  1.00000000e+00  1.00000000e+00  1.67304966e-06  6.57430363e-07 
 1.00000000e+00  1.00000000e+00  0.00000000e+00  1.00000000e+00  1.00000000e+00  1.00000000e+00  1.00000000e+00  1.00000000e+00  1.67305006e-06  2.65131803e-07 
 1.00000000e+00  0.00000000e+00  1.00000000e+00  1.00000000e+00  1.00000000e+00  1.00000000e+00  1.00000000e+00  1.00000000e+00  1.67304940e-06  6.78959026e-07 
 1.00000000e+00  1.00000000e+00  1.00000000e+00  1.00000000e+00  1.00000000e+00  1.00000000e+00  1.00000000e+00  1.00000000e+00  1.67304927e-06  6.90618293e-07 
