 yes             v(b0)           v(b1)           v(b2)           v(b3)           v(b4)           v(b5)           v(b6)           i(viout)       
 1.00000000e+00  0.00000000e+00  0.00000000e+00  0.00000000e+00  0.00000000e+00  0.00000000e+00  0.00000000e+00  0.00000000e+00 -2.98842835e-08 
 1.00000000e+00  1.00000000e+00  0.00000000e+00  0.00000000e+00  0.00000000e+00  0.00000000e+00  0.00000000e+00  0.00000000e+00  3.06506976e-07 
 1.00000000e+00  0.00000000e+00  1.00000000e+00  0.00000000e+00  0.00000000e+00  0.00000000e+00  0.00000000e+00  0.00000000e+00  3.16687824e-07 
 1.00000000e+00  1.00000000e+00  1.00000000e+00  0.00000000e+00  0.00000000e+00  0.00000000e+00  0.00000000e+00  0.00000000e+00  4.67903035e-07 
 1.00000000e+00  0.00000000e+00  0.00000000e+00  1.00000000e+00  0.00000000e+00  0.00000000e+00  0.00000000e+00  0.00000000e+00  3.37643044e-07 
 1.00000000e+00  1.00000000e+00  0.00000000e+00  1.00000000e+00  0.00000000e+00  0.00000000e+00  0.00000000e+00  0.00000000e+00  5.52870034e-07 
 1.00000000e+00  0.00000000e+00  1.00000000e+00  1.00000000e+00  0.00000000e+00  0.00000000e+00  0.00000000e+00  0.00000000e+00  4.97067560e-07 
 1.00000000e+00  1.00000000e+00  1.00000000e+00  1.00000000e+00  0.00000000e+00  0.00000000e+00  0.00000000e+00  0.00000000e+00  5.71111180e-07 
 1.00000000e+00  0.00000000e+00  0.00000000e+00  0.00000000e+00  1.00000000e+00  0.00000000e+00  0.00000000e+00  0.00000000e+00  3.77572405e-07 
 1.00000000e+00  1.00000000e+00  0.00000000e+00  0.00000000e+00  1.00000000e+00  0.00000000e+00  0.00000000e+00  0.00000000e+00  6.20036424e-07 
 1.00000000e+00  0.00000000e+00  1.00000000e+00  0.00000000e+00  1.00000000e+00  0.00000000e+00  0.00000000e+00  0.00000000e+00  5.98063345e-07 
 1.00000000e+00  1.00000000e+00  1.00000000e+00  0.00000000e+00  1.00000000e+00  0.00000000e+00  0.00000000e+00  0.00000000e+00  6.96785222e-07 
 1.00000000e+00  0.00000000e+00  0.00000000e+00  1.00000000e+00  1.00000000e+00  0.00000000e+00  0.00000000e+00  0.00000000e+00  5.52881573e-07 
 1.00000000e+00  1.00000000e+00  0.00000000e+00  1.00000000e+00  1.00000000e+00  0.00000000e+00  0.00000000e+00  0.00000000e+00  7.13870733e-07 
 1.00000000e+00  0.00000000e+00  1.00000000e+00  1.00000000e+00  1.00000000e+00  0.00000000e+00  0.00000000e+00  0.00000000e+00  6.33813109e-07 
 1.00000000e+00  1.00000000e+00  1.00000000e+00  1.00000000e+00  1.00000000e+00  0.00000000e+00  0.00000000e+00  0.00000000e+00  6.72549447e-07 
 1.00000000e+00  0.00000000e+00  0.00000000e+00  0.00000000e+00  0.00000000e+00  1.00000000e+00  0.00000000e+00  0.00000000e+00  4.56664488e-07 
 1.00000000e+00  1.00000000e+00  0.00000000e+00  0.00000000e+00  0.00000000e+00  1.00000000e+00  0.00000000e+00  0.00000000e+00  7.04717245e-07 
 1.00000000e+00  0.00000000e+00  1.00000000e+00  0.00000000e+00  0.00000000e+00  1.00000000e+00  0.00000000e+00  0.00000000e+00  6.98420777e-07 
 1.00000000e+00  1.00000000e+00  1.00000000e+00  0.00000000e+00  0.00000000e+00  1.00000000e+00  0.00000000e+00  0.00000000e+00  8.04357853e-07 
 1.00000000e+00  0.00000000e+00  0.00000000e+00  1.00000000e+00  0.00000000e+00  1.00000000e+00  0.00000000e+00  0.00000000e+00  6.85986848e-07 
 1.00000000e+00  1.00000000e+00  0.00000000e+00  1.00000000e+00  0.00000000e+00  1.00000000e+00  0.00000000e+00  0.00000000e+00  8.46320411e-07 
 1.00000000e+00  0.00000000e+00  1.00000000e+00  1.00000000e+00  0.00000000e+00  1.00000000e+00  0.00000000e+00  0.00000000e+00  7.87719515e-07 
 1.00000000e+00  1.00000000e+00  1.00000000e+00  1.00000000e+00  0.00000000e+00  1.00000000e+00  0.00000000e+00  0.00000000e+00  8.35507116e-07 
 1.00000000e+00  0.00000000e+00  0.00000000e+00  0.00000000e+00  1.00000000e+00  1.00000000e+00  0.00000000e+00  0.00000000e+00  6.59448752e-07 
 1.00000000e+00  1.00000000e+00  0.00000000e+00  0.00000000e+00  1.00000000e+00  1.00000000e+00  0.00000000e+00  0.00000000e+00  8.50656463e-07 
 1.00000000e+00  0.00000000e+00  1.00000000e+00  0.00000000e+00  1.00000000e+00  1.00000000e+00  0.00000000e+00  0.00000000e+00  8.18799712e-07 
 1.00000000e+00  1.00000000e+00  1.00000000e+00  0.00000000e+00  1.00000000e+00  1.00000000e+00  0.00000000e+00  0.00000000e+00  8.90938729e-07 
 1.00000000e+00  0.00000000e+00  0.00000000e+00  1.00000000e+00  1.00000000e+00  1.00000000e+00  0.00000000e+00  0.00000000e+00  7.51668665e-07 
 1.00000000e+00  1.00000000e+00  0.00000000e+00  1.00000000e+00  1.00000000e+00  1.00000000e+00  0.00000000e+00  0.00000000e+00  8.80532276e-07 
 1.00000000e+00  0.00000000e+00  1.00000000e+00  1.00000000e+00  1.00000000e+00  1.00000000e+00  0.00000000e+00  0.00000000e+00  7.95651715e-07 
 1.00000000e+00  1.00000000e+00  1.00000000e+00  1.00000000e+00  1.00000000e+00  1.00000000e+00  0.00000000e+00  0.00000000e+00  8.16993655e-07 
 1.00000000e+00  0.00000000e+00  0.00000000e+00  0.00000000e+00  0.00000000e+00  0.00000000e+00  1.00000000e+00  0.00000000e+00  6.02384539e-07 
 1.00000000e+00  1.00000000e+00  0.00000000e+00  0.00000000e+00  0.00000000e+00  0.00000000e+00  1.00000000e+00  0.00000000e+00  8.38826644e-07 
 1.00000000e+00  0.00000000e+00  1.00000000e+00  0.00000000e+00  0.00000000e+00  0.00000000e+00  1.00000000e+00  0.00000000e+00  8.39571577e-07 
 1.00000000e+00  1.00000000e+00  1.00000000e+00  0.00000000e+00  0.00000000e+00  0.00000000e+00  1.00000000e+00  0.00000000e+00  9.41897213e-07 
 1.00000000e+00  0.00000000e+00  0.00000000e+00  1.00000000e+00  0.00000000e+00  0.00000000e+00  1.00000000e+00  0.00000000e+00  8.41455879e-07 
 1.00000000e+00  1.00000000e+00  0.00000000e+00  1.00000000e+00  0.00000000e+00  0.00000000e+00  1.00000000e+00  0.00000000e+00  9.91153549e-07 
 1.00000000e+00  0.00000000e+00  1.00000000e+00  1.00000000e+00  0.00000000e+00  0.00000000e+00  1.00000000e+00  0.00000000e+00  9.44911548e-07 
 1.00000000e+00  1.00000000e+00  1.00000000e+00  1.00000000e+00  0.00000000e+00  0.00000000e+00  1.00000000e+00  0.00000000e+00  9.92945928e-07 
 1.00000000e+00  0.00000000e+00  0.00000000e+00  0.00000000e+00  1.00000000e+00  0.00000000e+00  1.00000000e+00  0.00000000e+00  8.44201494e-07 
 1.00000000e+00  1.00000000e+00  0.00000000e+00  0.00000000e+00  1.00000000e+00  0.00000000e+00  1.00000000e+00  0.00000000e+00  1.01744082e-06 
 1.00000000e+00  0.00000000e+00  1.00000000e+00  0.00000000e+00  1.00000000e+00  0.00000000e+00  1.00000000e+00  0.00000000e+00  9.95530129e-07 
 1.00000000e+00  1.00000000e+00  1.00000000e+00  0.00000000e+00  1.00000000e+00  0.00000000e+00  1.00000000e+00  0.00000000e+00  1.06309739e-06 
 1.00000000e+00  0.00000000e+00  0.00000000e+00  1.00000000e+00  1.00000000e+00  0.00000000e+00  1.00000000e+00  0.00000000e+00  9.49758665e-07 
 1.00000000e+00  1.00000000e+00  0.00000000e+00  1.00000000e+00  1.00000000e+00  0.00000000e+00  1.00000000e+00  0.00000000e+00  1.06504356e-06 
 1.00000000e+00  0.00000000e+00  1.00000000e+00  1.00000000e+00  1.00000000e+00  0.00000000e+00  1.00000000e+00  0.00000000e+00  9.99016741e-07 
 1.00000000e+00  1.00000000e+00  1.00000000e+00  1.00000000e+00  1.00000000e+00  0.00000000e+00  1.00000000e+00  0.00000000e+00  1.02270810e-06 
 1.00000000e+00  0.00000000e+00  0.00000000e+00  0.00000000e+00  0.00000000e+00  1.00000000e+00  1.00000000e+00  0.00000000e+00  8.49667806e-07 
 1.00000000e+00  1.00000000e+00  0.00000000e+00  0.00000000e+00  0.00000000e+00  1.00000000e+00  1.00000000e+00  0.00000000e+00  1.03585374e-06 
 1.00000000e+00  0.00000000e+00  1.00000000e+00  0.00000000e+00  0.00000000e+00  1.00000000e+00  1.00000000e+00  0.00000000e+00  1.02526341e-06 
 1.00000000e+00  1.00000000e+00  1.00000000e+00  0.00000000e+00  0.00000000e+00  1.00000000e+00  1.00000000e+00  0.00000000e+00  1.10203548e-06 
 1.00000000e+00  0.00000000e+00  0.00000000e+00  1.00000000e+00  0.00000000e+00  1.00000000e+00  1.00000000e+00  0.00000000e+00  1.00372131e-06 
 1.00000000e+00  1.00000000e+00  0.00000000e+00  1.00000000e+00  0.00000000e+00  1.00000000e+00  1.00000000e+00  0.00000000e+00  1.12433788e-06 
 1.00000000e+00  0.00000000e+00  1.00000000e+00  1.00000000e+00  0.00000000e+00  1.00000000e+00  1.00000000e+00  0.00000000e+00  1.07274395e-06 
 1.00000000e+00  1.00000000e+00  1.00000000e+00  1.00000000e+00  0.00000000e+00  1.00000000e+00  1.00000000e+00  0.00000000e+00  1.10532942e-06 
 1.00000000e+00  0.00000000e+00  0.00000000e+00  0.00000000e+00  1.00000000e+00  1.00000000e+00  1.00000000e+00  0.00000000e+00  9.57776216e-07 
 1.00000000e+00  1.00000000e+00  0.00000000e+00  0.00000000e+00  1.00000000e+00  1.00000000e+00  1.00000000e+00  0.00000000e+00  1.10682731e-06 
 1.00000000e+00  0.00000000e+00  1.00000000e+00  0.00000000e+00  1.00000000e+00  1.00000000e+00  1.00000000e+00  0.00000000e+00  1.07549509e-06 
 1.00000000e+00  1.00000000e+00  1.00000000e+00  0.00000000e+00  1.00000000e+00  1.00000000e+00  1.00000000e+00  0.00000000e+00  1.12893274e-06 
 1.00000000e+00  0.00000000e+00  0.00000000e+00  1.00000000e+00  1.00000000e+00  1.00000000e+00  1.00000000e+00  0.00000000e+00  1.00840226e-06 
 1.00000000e+00  1.00000000e+00  0.00000000e+00  1.00000000e+00  1.00000000e+00  1.00000000e+00  1.00000000e+00  0.00000000e+00  1.10962812e-06 
 1.00000000e+00  0.00000000e+00  1.00000000e+00  1.00000000e+00  1.00000000e+00  1.00000000e+00  1.00000000e+00  0.00000000e+00  1.03300319e-06 
 1.00000000e+00  1.00000000e+00  1.00000000e+00  1.00000000e+00  1.00000000e+00  1.00000000e+00  1.00000000e+00  0.00000000e+00  1.04500517e-06 
 1.00000000e+00  0.00000000e+00  0.00000000e+00  0.00000000e+00  0.00000000e+00  0.00000000e+00  0.00000000e+00  1.00000000e+00  8.54966082e-07 
 1.00000000e+00  1.00000000e+00  0.00000000e+00  0.00000000e+00  0.00000000e+00  0.00000000e+00  0.00000000e+00  1.00000000e+00  1.06023598e-06 
 1.00000000e+00  0.00000000e+00  1.00000000e+00  0.00000000e+00  0.00000000e+00  0.00000000e+00  0.00000000e+00  1.00000000e+00  1.06344132e-06 
 1.00000000e+00  1.00000000e+00  1.00000000e+00  0.00000000e+00  0.00000000e+00  0.00000000e+00  0.00000000e+00  1.00000000e+00  1.15202452e-06 
 1.00000000e+00  0.00000000e+00  0.00000000e+00  1.00000000e+00  0.00000000e+00  0.00000000e+00  0.00000000e+00  1.00000000e+00  1.07022095e-06 
 1.00000000e+00  1.00000000e+00  0.00000000e+00  1.00000000e+00  0.00000000e+00  0.00000000e+00  0.00000000e+00  1.00000000e+00  1.19764895e-06 
 1.00000000e+00  0.00000000e+00  1.00000000e+00  1.00000000e+00  0.00000000e+00  0.00000000e+00  0.00000000e+00  1.00000000e+00  1.16159835e-06 
 1.00000000e+00  1.00000000e+00  1.00000000e+00  1.00000000e+00  0.00000000e+00  0.00000000e+00  0.00000000e+00  1.00000000e+00  1.20360508e-06 
 1.00000000e+00  0.00000000e+00  0.00000000e+00  0.00000000e+00  1.00000000e+00  0.00000000e+00  0.00000000e+00  1.00000000e+00  1.08285195e-06 
 1.00000000e+00  1.00000000e+00  0.00000000e+00  0.00000000e+00  1.00000000e+00  0.00000000e+00  0.00000000e+00  1.00000000e+00  1.22811286e-06 
 1.00000000e+00  0.00000000e+00  1.00000000e+00  0.00000000e+00  1.00000000e+00  0.00000000e+00  0.00000000e+00  1.00000000e+00  1.21244319e-06 
 1.00000000e+00  1.00000000e+00  1.00000000e+00  0.00000000e+00  1.00000000e+00  0.00000000e+00  0.00000000e+00  1.00000000e+00  1.26946301e-06 
 1.00000000e+00  0.00000000e+00  0.00000000e+00  1.00000000e+00  1.00000000e+00  0.00000000e+00  0.00000000e+00  1.00000000e+00  1.17974142e-06 
 1.00000000e+00  1.00000000e+00  0.00000000e+00  1.00000000e+00  1.00000000e+00  0.00000000e+00  0.00000000e+00  1.00000000e+00  1.27524314e-06 
 1.00000000e+00  0.00000000e+00  1.00000000e+00  1.00000000e+00  1.00000000e+00  0.00000000e+00  0.00000000e+00  1.00000000e+00  1.22431329e-06 
 1.00000000e+00  1.00000000e+00  1.00000000e+00  1.00000000e+00  1.00000000e+00  0.00000000e+00  0.00000000e+00  1.00000000e+00  1.24560076e-06 
 1.00000000e+00  0.00000000e+00  0.00000000e+00  0.00000000e+00  0.00000000e+00  1.00000000e+00  0.00000000e+00  1.00000000e+00  1.10828210e-06 
 1.00000000e+00  1.00000000e+00  0.00000000e+00  0.00000000e+00  0.00000000e+00  1.00000000e+00  0.00000000e+00  1.00000000e+00  1.26054026e-06 
 1.00000000e+00  0.00000000e+00  1.00000000e+00  0.00000000e+00  0.00000000e+00  1.00000000e+00  0.00000000e+00  1.00000000e+00  1.25431865e-06 
 1.00000000e+00  1.00000000e+00  1.00000000e+00  0.00000000e+00  0.00000000e+00  1.00000000e+00  0.00000000e+00  1.00000000e+00  1.31699011e-06 
 1.00000000e+00  0.00000000e+00  0.00000000e+00  1.00000000e+00  0.00000000e+00  1.00000000e+00  0.00000000e+00  1.00000000e+00  1.24174862e-06 
 1.00000000e+00  1.00000000e+00  0.00000000e+00  1.00000000e+00  0.00000000e+00  1.00000000e+00  0.00000000e+00  1.00000000e+00  1.33838919e-06 
 1.00000000e+00  0.00000000e+00  1.00000000e+00  1.00000000e+00  0.00000000e+00  1.00000000e+00  0.00000000e+00  1.00000000e+00  1.30037966e-06 
 1.00000000e+00  1.00000000e+00  1.00000000e+00  1.00000000e+00  0.00000000e+00  1.00000000e+00  0.00000000e+00  1.00000000e+00  1.32773977e-06 
 1.00000000e+00  0.00000000e+00  0.00000000e+00  0.00000000e+00  1.00000000e+00  1.00000000e+00  0.00000000e+00  1.00000000e+00  1.21483205e-06 
 1.00000000e+00  1.00000000e+00  0.00000000e+00  0.00000000e+00  1.00000000e+00  1.00000000e+00  0.00000000e+00  1.00000000e+00  1.33298637e-06 
 1.00000000e+00  0.00000000e+00  1.00000000e+00  0.00000000e+00  1.00000000e+00  1.00000000e+00  0.00000000e+00  1.00000000e+00  1.31101537e-06 
 1.00000000e+00  1.00000000e+00  1.00000000e+00  0.00000000e+00  1.00000000e+00  1.00000000e+00  0.00000000e+00  1.00000000e+00  1.35390692e-06 
 1.00000000e+00  0.00000000e+00  0.00000000e+00  1.00000000e+00  1.00000000e+00  1.00000000e+00  0.00000000e+00  1.00000000e+00  1.26374803e-06 
 1.00000000e+00  1.00000000e+00  0.00000000e+00  1.00000000e+00  1.00000000e+00  1.00000000e+00  0.00000000e+00  1.00000000e+00  1.34339076e-06 
 1.00000000e+00  0.00000000e+00  1.00000000e+00  1.00000000e+00  1.00000000e+00  1.00000000e+00  0.00000000e+00  1.00000000e+00  1.28722678e-06 
 1.00000000e+00  1.00000000e+00  1.00000000e+00  1.00000000e+00  1.00000000e+00  1.00000000e+00  0.00000000e+00  1.00000000e+00  1.29863543e-06 
 1.00000000e+00  0.00000000e+00  0.00000000e+00  0.00000000e+00  0.00000000e+00  0.00000000e+00  1.00000000e+00  1.00000000e+00  1.15496696e-06 
 1.00000000e+00  1.00000000e+00  0.00000000e+00  0.00000000e+00  0.00000000e+00  0.00000000e+00  1.00000000e+00  1.00000000e+00  1.30821470e-06 
 1.00000000e+00  0.00000000e+00  1.00000000e+00  0.00000000e+00  0.00000000e+00  0.00000000e+00  1.00000000e+00  1.00000000e+00  1.30641066e-06 
 1.00000000e+00  1.00000000e+00  1.00000000e+00  0.00000000e+00  0.00000000e+00  0.00000000e+00  1.00000000e+00  1.00000000e+00  1.37023397e-06 
 1.00000000e+00  0.00000000e+00  0.00000000e+00  1.00000000e+00  0.00000000e+00  0.00000000e+00  1.00000000e+00  1.00000000e+00  1.30297243e-06 
 1.00000000e+00  1.00000000e+00  0.00000000e+00  1.00000000e+00  0.00000000e+00  0.00000000e+00  1.00000000e+00  1.00000000e+00  1.39772963e-06 
 1.00000000e+00  0.00000000e+00  1.00000000e+00  1.00000000e+00  0.00000000e+00  0.00000000e+00  1.00000000e+00  1.00000000e+00  1.36617481e-06 
 1.00000000e+00  1.00000000e+00  1.00000000e+00  1.00000000e+00  0.00000000e+00  0.00000000e+00  1.00000000e+00  1.00000000e+00  1.39518599e-06 
 1.00000000e+00  0.00000000e+00  0.00000000e+00  0.00000000e+00  1.00000000e+00  0.00000000e+00  1.00000000e+00  1.00000000e+00  1.29525562e-06 
 1.00000000e+00  1.00000000e+00  0.00000000e+00  0.00000000e+00  1.00000000e+00  0.00000000e+00  1.00000000e+00  1.00000000e+00  1.40724012e-06 
 1.00000000e+00  0.00000000e+00  1.00000000e+00  0.00000000e+00  1.00000000e+00  0.00000000e+00  1.00000000e+00  1.00000000e+00  1.39119559e-06 
 1.00000000e+00  1.00000000e+00  1.00000000e+00  0.00000000e+00  1.00000000e+00  0.00000000e+00  1.00000000e+00  1.00000000e+00  1.43296599e-06 
 1.00000000e+00  0.00000000e+00  0.00000000e+00  1.00000000e+00  1.00000000e+00  0.00000000e+00  1.00000000e+00  1.00000000e+00  1.35685566e-06 
 1.00000000e+00  1.00000000e+00  0.00000000e+00  1.00000000e+00  1.00000000e+00  0.00000000e+00  1.00000000e+00  1.00000000e+00  1.43081687e-06 
 1.00000000e+00  0.00000000e+00  1.00000000e+00  1.00000000e+00  1.00000000e+00  0.00000000e+00  1.00000000e+00  1.00000000e+00  1.38562721e-06 
 1.00000000e+00  1.00000000e+00  1.00000000e+00  1.00000000e+00  1.00000000e+00  0.00000000e+00  1.00000000e+00  1.00000000e+00  1.39944195e-06 
 1.00000000e+00  0.00000000e+00  0.00000000e+00  0.00000000e+00  0.00000000e+00  1.00000000e+00  1.00000000e+00  1.00000000e+00  1.27864212e-06 
 1.00000000e+00  1.00000000e+00  0.00000000e+00  0.00000000e+00  0.00000000e+00  1.00000000e+00  1.00000000e+00  1.00000000e+00  1.40432330e-06 
 1.00000000e+00  0.00000000e+00  1.00000000e+00  0.00000000e+00  0.00000000e+00  1.00000000e+00  1.00000000e+00  1.00000000e+00  1.39523286e-06 
 1.00000000e+00  1.00000000e+00  1.00000000e+00  0.00000000e+00  0.00000000e+00  1.00000000e+00  1.00000000e+00  1.00000000e+00  1.44470211e-06 
 1.00000000e+00  0.00000000e+00  0.00000000e+00  1.00000000e+00  0.00000000e+00  1.00000000e+00  1.00000000e+00  1.00000000e+00  1.37634881e-06 
 1.00000000e+00  1.00000000e+00  0.00000000e+00  1.00000000e+00  0.00000000e+00  1.00000000e+00  1.00000000e+00  1.00000000e+00  1.45605755e-06 
 1.00000000e+00  0.00000000e+00  1.00000000e+00  1.00000000e+00  0.00000000e+00  1.00000000e+00  1.00000000e+00  1.00000000e+00  1.41971372e-06 
 1.00000000e+00  1.00000000e+00  1.00000000e+00  1.00000000e+00  0.00000000e+00  1.00000000e+00  1.00000000e+00  1.00000000e+00  1.43999598e-06 
 1.00000000e+00  0.00000000e+00  0.00000000e+00  0.00000000e+00  1.00000000e+00  1.00000000e+00  1.00000000e+00  1.00000000e+00  1.33489355e-06 
 1.00000000e+00  1.00000000e+00  0.00000000e+00  0.00000000e+00  1.00000000e+00  1.00000000e+00  1.00000000e+00  1.00000000e+00  1.43745762e-06 
 1.00000000e+00  0.00000000e+00  1.00000000e+00  0.00000000e+00  1.00000000e+00  1.00000000e+00  1.00000000e+00  1.00000000e+00  1.41390146e-06 
 1.00000000e+00  1.00000000e+00  1.00000000e+00  0.00000000e+00  1.00000000e+00  1.00000000e+00  1.00000000e+00  1.00000000e+00  1.44903940e-06 
 1.00000000e+00  0.00000000e+00  0.00000000e+00  1.00000000e+00  1.00000000e+00  1.00000000e+00  1.00000000e+00  1.00000000e+00  1.36179198e-06 
 1.00000000e+00  1.00000000e+00  0.00000000e+00  1.00000000e+00  1.00000000e+00  1.00000000e+00  1.00000000e+00  1.00000000e+00  1.43198548e-06 
 1.00000000e+00  0.00000000e+00  1.00000000e+00  1.00000000e+00  1.00000000e+00  1.00000000e+00  1.00000000e+00  1.00000000e+00  1.37504207e-06 
 1.00000000e+00  1.00000000e+00  1.00000000e+00  1.00000000e+00  1.00000000e+00  1.00000000e+00  1.00000000e+00  1.00000000e+00  1.38152223e-06 
