 yes             v(b0)           v(b1)           v(b2)           v(b3)           v(b4)           v(b5)           v(b6)           i(viin)         i(viout)       
 1.00000000e+00  0.00000000e+00  0.00000000e+00  0.00000000e+00  0.00000000e+00  0.00000000e+00  0.00000000e+00  0.00000000e+00  1.62049003e-06  8.96713246e-08 
 1.00000000e+00  1.00000000e+00  0.00000000e+00  0.00000000e+00  0.00000000e+00  0.00000000e+00  0.00000000e+00  0.00000000e+00  1.62049026e-06  3.61511397e-07 
 1.00000000e+00  0.00000000e+00  1.00000000e+00  0.00000000e+00  0.00000000e+00  0.00000000e+00  0.00000000e+00  0.00000000e+00  1.62049038e-06  3.73030048e-07 
 1.00000000e+00  1.00000000e+00  1.00000000e+00  0.00000000e+00  0.00000000e+00  0.00000000e+00  0.00000000e+00  0.00000000e+00  1.62049054e-06  4.97084763e-07 
 1.00000000e+00  0.00000000e+00  0.00000000e+00  1.00000000e+00  0.00000000e+00  0.00000000e+00  0.00000000e+00  0.00000000e+00  1.62049046e-06  3.96175771e-07 
 1.00000000e+00  1.00000000e+00  0.00000000e+00  1.00000000e+00  0.00000000e+00  0.00000000e+00  0.00000000e+00  0.00000000e+00  1.62049066e-06  5.71155418e-07 
 1.00000000e+00  0.00000000e+00  1.00000000e+00  1.00000000e+00  0.00000000e+00  0.00000000e+00  0.00000000e+00  0.00000000e+00  1.62049066e-06  5.29715884e-07 
 1.00000000e+00  1.00000000e+00  1.00000000e+00  1.00000000e+00  0.00000000e+00  0.00000000e+00  0.00000000e+00  0.00000000e+00  1.62049084e-06  5.92068012e-07 
 1.00000000e+00  0.00000000e+00  0.00000000e+00  0.00000000e+00  1.00000000e+00  0.00000000e+00  0.00000000e+00  0.00000000e+00  1.62049078e-06  4.41930233e-07 
 1.00000000e+00  1.00000000e+00  0.00000000e+00  0.00000000e+00  1.00000000e+00  0.00000000e+00  0.00000000e+00  0.00000000e+00  1.62049094e-06  6.37627018e-07 
 1.00000000e+00  0.00000000e+00  1.00000000e+00  0.00000000e+00  1.00000000e+00  0.00000000e+00  0.00000000e+00  0.00000000e+00  1.62049100e-06  6.23097620e-07 
 1.00000000e+00  1.00000000e+00  1.00000000e+00  0.00000000e+00  1.00000000e+00  0.00000000e+00  0.00000000e+00  0.00000000e+00  1.62049111e-06  7.05030963e-07 
 1.00000000e+00  0.00000000e+00  0.00000000e+00  1.00000000e+00  1.00000000e+00  0.00000000e+00  0.00000000e+00  0.00000000e+00  1.62049109e-06  5.93289286e-07 
 1.00000000e+00  1.00000000e+00  0.00000000e+00  1.00000000e+00  1.00000000e+00  0.00000000e+00  0.00000000e+00  0.00000000e+00  1.62049125e-06  7.24424126e-07 
 1.00000000e+00  0.00000000e+00  1.00000000e+00  1.00000000e+00  1.00000000e+00  0.00000000e+00  0.00000000e+00  0.00000000e+00  1.62049118e-06  6.63601483e-07 
 1.00000000e+00  1.00000000e+00  1.00000000e+00  1.00000000e+00  1.00000000e+00  0.00000000e+00  0.00000000e+00  0.00000000e+00  1.62049132e-06  6.97427879e-07 
 1.00000000e+00  0.00000000e+00  0.00000000e+00  0.00000000e+00  0.00000000e+00  1.00000000e+00  0.00000000e+00  0.00000000e+00  1.62049126e-06  5.31075301e-07 
 1.00000000e+00  1.00000000e+00  0.00000000e+00  0.00000000e+00  0.00000000e+00  1.00000000e+00  0.00000000e+00  0.00000000e+00  1.62049145e-06  7.29277467e-07 
 1.00000000e+00  0.00000000e+00  1.00000000e+00  0.00000000e+00  0.00000000e+00  1.00000000e+00  0.00000000e+00  0.00000000e+00  1.62049151e-06  7.27257301e-07 
 1.00000000e+00  1.00000000e+00  1.00000000e+00  0.00000000e+00  0.00000000e+00  1.00000000e+00  0.00000000e+00  0.00000000e+00  1.62049160e-06  8.14434792e-07 
 1.00000000e+00  0.00000000e+00  0.00000000e+00  1.00000000e+00  0.00000000e+00  1.00000000e+00  0.00000000e+00  0.00000000e+00  1.62049160e-06  7.23272500e-07 
 1.00000000e+00  1.00000000e+00  0.00000000e+00  1.00000000e+00  0.00000000e+00  1.00000000e+00  0.00000000e+00  0.00000000e+00  1.62049168e-06  8.53433185e-07 
 1.00000000e+00  0.00000000e+00  1.00000000e+00  1.00000000e+00  0.00000000e+00  1.00000000e+00  0.00000000e+00  0.00000000e+00  1.62049179e-06  8.09574409e-07 
 1.00000000e+00  1.00000000e+00  1.00000000e+00  1.00000000e+00  0.00000000e+00  1.00000000e+00  0.00000000e+00  0.00000000e+00  1.62049184e-06  8.50438767e-07 
 1.00000000e+00  0.00000000e+00  0.00000000e+00  0.00000000e+00  1.00000000e+00  1.00000000e+00  0.00000000e+00  0.00000000e+00  1.62049181e-06  7.15063983e-07 
 1.00000000e+00  1.00000000e+00  0.00000000e+00  0.00000000e+00  1.00000000e+00  1.00000000e+00  0.00000000e+00  0.00000000e+00  1.62049195e-06  8.68228831e-07 
 1.00000000e+00  0.00000000e+00  1.00000000e+00  0.00000000e+00  1.00000000e+00  1.00000000e+00  0.00000000e+00  0.00000000e+00  1.62049201e-06  8.45784903e-07 
 1.00000000e+00  1.00000000e+00  1.00000000e+00  0.00000000e+00  1.00000000e+00  1.00000000e+00  0.00000000e+00  0.00000000e+00  1.62049207e-06  9.05730246e-07 
 1.00000000e+00  0.00000000e+00  0.00000000e+00  1.00000000e+00  1.00000000e+00  1.00000000e+00  0.00000000e+00  0.00000000e+00  1.62049207e-06  7.98892721e-07 
 1.00000000e+00  1.00000000e+00  0.00000000e+00  1.00000000e+00  1.00000000e+00  1.00000000e+00  0.00000000e+00  0.00000000e+00  1.62049217e-06  9.02887258e-07 
 1.00000000e+00  0.00000000e+00  1.00000000e+00  1.00000000e+00  1.00000000e+00  1.00000000e+00  0.00000000e+00  0.00000000e+00  1.62049219e-06  8.39055872e-07 
 1.00000000e+00  1.00000000e+00  1.00000000e+00  1.00000000e+00  1.00000000e+00  1.00000000e+00  0.00000000e+00  0.00000000e+00  1.62049229e-06  8.58652889e-07 
 1.00000000e+00  0.00000000e+00  0.00000000e+00  0.00000000e+00  0.00000000e+00  0.00000000e+00  1.00000000e+00  0.00000000e+00  1.62049226e-06  6.95972147e-07 
 1.00000000e+00  1.00000000e+00  0.00000000e+00  0.00000000e+00  0.00000000e+00  0.00000000e+00  1.00000000e+00  0.00000000e+00  1.62049236e-06  8.81106160e-07 
 1.00000000e+00  0.00000000e+00  1.00000000e+00  0.00000000e+00  0.00000000e+00  0.00000000e+00  1.00000000e+00  0.00000000e+00  1.62049237e-06  8.84561004e-07 
 1.00000000e+00  1.00000000e+00  1.00000000e+00  0.00000000e+00  0.00000000e+00  0.00000000e+00  1.00000000e+00  0.00000000e+00  1.62049253e-06  9.67455556e-07 
 1.00000000e+00  0.00000000e+00  0.00000000e+00  1.00000000e+00  0.00000000e+00  0.00000000e+00  1.00000000e+00  0.00000000e+00  1.62049252e-06  8.91608842e-07 
 1.00000000e+00  1.00000000e+00  0.00000000e+00  1.00000000e+00  0.00000000e+00  0.00000000e+00  1.00000000e+00  0.00000000e+00  1.62049263e-06  1.01151482e-06 
 1.00000000e+00  0.00000000e+00  1.00000000e+00  1.00000000e+00  0.00000000e+00  0.00000000e+00  1.00000000e+00  0.00000000e+00  1.62049263e-06  9.77805371e-07 
 1.00000000e+00  1.00000000e+00  1.00000000e+00  1.00000000e+00  0.00000000e+00  0.00000000e+00  1.00000000e+00  0.00000000e+00  1.62049274e-06  1.01826791e-06 
 1.00000000e+00  0.00000000e+00  0.00000000e+00  0.00000000e+00  1.00000000e+00  0.00000000e+00  1.00000000e+00  0.00000000e+00  1.62049272e-06  9.05700055e-07 
 1.00000000e+00  1.00000000e+00  0.00000000e+00  0.00000000e+00  1.00000000e+00  0.00000000e+00  1.00000000e+00  0.00000000e+00  1.62049284e-06  1.04298158e-06 
 1.00000000e+00  0.00000000e+00  1.00000000e+00  0.00000000e+00  1.00000000e+00  0.00000000e+00  1.00000000e+00  0.00000000e+00  1.62049288e-06  1.02837424e-06 
 1.00000000e+00  1.00000000e+00  1.00000000e+00  0.00000000e+00  1.00000000e+00  0.00000000e+00  1.00000000e+00  0.00000000e+00  1.62049298e-06  1.08413554e-06 
 1.00000000e+00  0.00000000e+00  0.00000000e+00  1.00000000e+00  1.00000000e+00  0.00000000e+00  1.00000000e+00  0.00000000e+00  1.62049297e-06  9.98112597e-07 
 1.00000000e+00  1.00000000e+00  0.00000000e+00  1.00000000e+00  1.00000000e+00  0.00000000e+00  1.00000000e+00  0.00000000e+00  1.62049306e-06  1.09064884e-06 
 1.00000000e+00  0.00000000e+00  1.00000000e+00  1.00000000e+00  1.00000000e+00  0.00000000e+00  1.00000000e+00  0.00000000e+00  1.62049308e-06  1.04163975e-06 
 1.00000000e+00  1.00000000e+00  1.00000000e+00  1.00000000e+00  1.00000000e+00  0.00000000e+00  1.00000000e+00  0.00000000e+00  1.62049314e-06  1.06271965e-06 
 1.00000000e+00  0.00000000e+00  0.00000000e+00  0.00000000e+00  0.00000000e+00  1.00000000e+00  1.00000000e+00  0.00000000e+00  1.62049310e-06  9.33459873e-07 
 1.00000000e+00  1.00000000e+00  0.00000000e+00  0.00000000e+00  0.00000000e+00  1.00000000e+00  1.00000000e+00  0.00000000e+00  1.62049325e-06  1.07835695e-06 
 1.00000000e+00  0.00000000e+00  1.00000000e+00  0.00000000e+00  0.00000000e+00  1.00000000e+00  1.00000000e+00  0.00000000e+00  1.62049332e-06  1.07279415e-06 
 1.00000000e+00  1.00000000e+00  1.00000000e+00  0.00000000e+00  0.00000000e+00  1.00000000e+00  1.00000000e+00  0.00000000e+00  1.62049336e-06  1.13503451e-06 
 1.00000000e+00  0.00000000e+00  0.00000000e+00  1.00000000e+00  0.00000000e+00  1.00000000e+00  1.00000000e+00  0.00000000e+00  1.62049340e-06  1.06150213e-06 
 1.00000000e+00  1.00000000e+00  0.00000000e+00  1.00000000e+00  0.00000000e+00  1.00000000e+00  1.00000000e+00  0.00000000e+00  1.62049347e-06  1.15737134e-06 
 1.00000000e+00  0.00000000e+00  1.00000000e+00  1.00000000e+00  0.00000000e+00  1.00000000e+00  1.00000000e+00  0.00000000e+00  1.62049350e-06  1.11980793e-06 
 1.00000000e+00  1.00000000e+00  1.00000000e+00  1.00000000e+00  0.00000000e+00  1.00000000e+00  1.00000000e+00  0.00000000e+00  1.62049356e-06  1.14760766e-06 
 1.00000000e+00  0.00000000e+00  0.00000000e+00  0.00000000e+00  1.00000000e+00  1.00000000e+00  1.00000000e+00  0.00000000e+00  1.62049357e-06  1.03798988e-06 
 1.00000000e+00  1.00000000e+00  0.00000000e+00  0.00000000e+00  1.00000000e+00  1.00000000e+00  1.00000000e+00  0.00000000e+00  1.62049364e-06  1.15392137e-06 
 1.00000000e+00  0.00000000e+00  1.00000000e+00  0.00000000e+00  1.00000000e+00  1.00000000e+00  1.00000000e+00  0.00000000e+00  1.62049369e-06  1.13241511e-06 
 1.00000000e+00  1.00000000e+00  1.00000000e+00  0.00000000e+00  1.00000000e+00  1.00000000e+00  1.00000000e+00  0.00000000e+00  1.62049377e-06  1.17598781e-06 
 1.00000000e+00  0.00000000e+00  0.00000000e+00  1.00000000e+00  1.00000000e+00  1.00000000e+00  1.00000000e+00  0.00000000e+00  1.62049377e-06  1.08701116e-06 
 1.00000000e+00  1.00000000e+00  0.00000000e+00  1.00000000e+00  1.00000000e+00  1.00000000e+00  1.00000000e+00  0.00000000e+00  1.62049384e-06  1.16619290e-06 
 1.00000000e+00  0.00000000e+00  1.00000000e+00  1.00000000e+00  1.00000000e+00  1.00000000e+00  1.00000000e+00  0.00000000e+00  1.62049383e-06  1.11089410e-06 
 1.00000000e+00  1.00000000e+00  1.00000000e+00  1.00000000e+00  1.00000000e+00  1.00000000e+00  1.00000000e+00  0.00000000e+00  1.62049388e-06  1.12262886e-06 
 1.00000000e+00  0.00000000e+00  0.00000000e+00  0.00000000e+00  0.00000000e+00  0.00000000e+00  0.00000000e+00  1.00000000e+00  1.62049390e-06  9.85472468e-07 
 1.00000000e+00  1.00000000e+00  0.00000000e+00  0.00000000e+00  0.00000000e+00  0.00000000e+00  0.00000000e+00  1.00000000e+00  1.62049400e-06  1.13910932e-06 
 1.00000000e+00  0.00000000e+00  1.00000000e+00  0.00000000e+00  0.00000000e+00  0.00000000e+00  0.00000000e+00  1.00000000e+00  1.62049404e-06  1.14417452e-06 
 1.00000000e+00  1.00000000e+00  1.00000000e+00  0.00000000e+00  0.00000000e+00  0.00000000e+00  0.00000000e+00  1.00000000e+00  1.62049413e-06  1.21340505e-06 
 1.00000000e+00  0.00000000e+00  0.00000000e+00  1.00000000e+00  0.00000000e+00  0.00000000e+00  0.00000000e+00  1.00000000e+00  1.62049414e-06  1.15440740e-06 
 1.00000000e+00  1.00000000e+00  0.00000000e+00  1.00000000e+00  0.00000000e+00  0.00000000e+00  0.00000000e+00  1.00000000e+00  1.62049428e-06  1.25295282e-06 
 1.00000000e+00  0.00000000e+00  1.00000000e+00  1.00000000e+00  0.00000000e+00  0.00000000e+00  0.00000000e+00  1.00000000e+00  1.62049424e-06  1.22802092e-06 
 1.00000000e+00  1.00000000e+00  1.00000000e+00  1.00000000e+00  0.00000000e+00  0.00000000e+00  0.00000000e+00  1.00000000e+00  1.62049433e-06  1.26239333e-06 
 1.00000000e+00  0.00000000e+00  0.00000000e+00  0.00000000e+00  1.00000000e+00  0.00000000e+00  0.00000000e+00  1.00000000e+00  1.62049433e-06  1.17477074e-06 
 1.00000000e+00  1.00000000e+00  0.00000000e+00  0.00000000e+00  1.00000000e+00  0.00000000e+00  0.00000000e+00  1.00000000e+00  1.62049441e-06  1.28604081e-06 
 1.00000000e+00  0.00000000e+00  1.00000000e+00  0.00000000e+00  1.00000000e+00  0.00000000e+00  0.00000000e+00  1.00000000e+00  1.62049441e-06  1.27648951e-06 
 1.00000000e+00  1.00000000e+00  1.00000000e+00  0.00000000e+00  1.00000000e+00  0.00000000e+00  0.00000000e+00  1.00000000e+00  1.62049452e-06  1.32242137e-06 
 1.00000000e+00  0.00000000e+00  0.00000000e+00  1.00000000e+00  1.00000000e+00  0.00000000e+00  0.00000000e+00  1.00000000e+00  1.62049452e-06  1.25675729e-06 
 1.00000000e+00  1.00000000e+00  0.00000000e+00  1.00000000e+00  1.00000000e+00  0.00000000e+00  0.00000000e+00  1.00000000e+00  1.62049454e-06  1.33137923e-06 
 1.00000000e+00  0.00000000e+00  1.00000000e+00  1.00000000e+00  1.00000000e+00  0.00000000e+00  0.00000000e+00  1.00000000e+00  1.62049467e-06  1.29503737e-06 
 1.00000000e+00  1.00000000e+00  1.00000000e+00  1.00000000e+00  1.00000000e+00  0.00000000e+00  0.00000000e+00  1.00000000e+00  1.62049473e-06  1.31350048e-06 
 1.00000000e+00  0.00000000e+00  0.00000000e+00  0.00000000e+00  0.00000000e+00  1.00000000e+00  0.00000000e+00  1.00000000e+00  1.62049469e-06  1.21492832e-06 
 1.00000000e+00  1.00000000e+00  0.00000000e+00  0.00000000e+00  0.00000000e+00  1.00000000e+00  0.00000000e+00  1.00000000e+00  1.62049474e-06  1.32970480e-06 
 1.00000000e+00  0.00000000e+00  1.00000000e+00  0.00000000e+00  0.00000000e+00  1.00000000e+00  0.00000000e+00  1.00000000e+00  1.62049483e-06  1.32739174e-06 
 1.00000000e+00  1.00000000e+00  1.00000000e+00  0.00000000e+00  0.00000000e+00  1.00000000e+00  0.00000000e+00  1.00000000e+00  1.62049485e-06  1.37725234e-06 
 1.00000000e+00  0.00000000e+00  0.00000000e+00  1.00000000e+00  0.00000000e+00  1.00000000e+00  0.00000000e+00  1.00000000e+00  1.62049487e-06  1.32273932e-06 
 1.00000000e+00  1.00000000e+00  0.00000000e+00  1.00000000e+00  0.00000000e+00  1.00000000e+00  0.00000000e+00  1.00000000e+00  1.62049490e-06  1.39807414e-06 
 1.00000000e+00  0.00000000e+00  1.00000000e+00  1.00000000e+00  0.00000000e+00  1.00000000e+00  0.00000000e+00  1.00000000e+00  1.62049500e-06  1.37134176e-06 
 1.00000000e+00  1.00000000e+00  1.00000000e+00  1.00000000e+00  0.00000000e+00  1.00000000e+00  0.00000000e+00  1.00000000e+00  1.62049506e-06  1.39439091e-06 
 1.00000000e+00  0.00000000e+00  0.00000000e+00  0.00000000e+00  1.00000000e+00  1.00000000e+00  0.00000000e+00  1.00000000e+00  1.62049511e-06  1.31308062e-06 
 1.00000000e+00  1.00000000e+00  0.00000000e+00  0.00000000e+00  1.00000000e+00  1.00000000e+00  0.00000000e+00  1.00000000e+00  1.62049512e-06  1.40294645e-06 
 1.00000000e+00  0.00000000e+00  1.00000000e+00  0.00000000e+00  1.00000000e+00  1.00000000e+00  0.00000000e+00  1.00000000e+00  1.62049516e-06  1.38865550e-06 
 1.00000000e+00  1.00000000e+00  1.00000000e+00  0.00000000e+00  1.00000000e+00  1.00000000e+00  0.00000000e+00  1.00000000e+00  1.62049521e-06  1.42327815e-06 
 1.00000000e+00  0.00000000e+00  0.00000000e+00  1.00000000e+00  1.00000000e+00  1.00000000e+00  0.00000000e+00  1.00000000e+00  1.62049525e-06  1.35851121e-06 
 1.00000000e+00  1.00000000e+00  0.00000000e+00  1.00000000e+00  1.00000000e+00  1.00000000e+00  0.00000000e+00  1.00000000e+00  1.62049529e-06  1.41973801e-06 
 1.00000000e+00  0.00000000e+00  1.00000000e+00  1.00000000e+00  1.00000000e+00  1.00000000e+00  0.00000000e+00  1.00000000e+00  1.62049535e-06  1.38046872e-06 
 1.00000000e+00  1.00000000e+00  1.00000000e+00  1.00000000e+00  1.00000000e+00  1.00000000e+00  0.00000000e+00  1.00000000e+00  1.62049539e-06  1.39122501e-06 
 1.00000000e+00  0.00000000e+00  0.00000000e+00  0.00000000e+00  0.00000000e+00  0.00000000e+00  1.00000000e+00  1.00000000e+00  1.62049545e-06  1.29131586e-06 
 1.00000000e+00  1.00000000e+00  0.00000000e+00  0.00000000e+00  0.00000000e+00  0.00000000e+00  1.00000000e+00  1.00000000e+00  1.62049541e-06  1.40283765e-06 
 1.00000000e+00  0.00000000e+00  1.00000000e+00  0.00000000e+00  0.00000000e+00  0.00000000e+00  1.00000000e+00  1.00000000e+00  1.62049552e-06  1.40391568e-06 
 1.00000000e+00  1.00000000e+00  1.00000000e+00  0.00000000e+00  0.00000000e+00  0.00000000e+00  1.00000000e+00  1.00000000e+00  1.62049552e-06  1.45319864e-06 
 1.00000000e+00  0.00000000e+00  0.00000000e+00  1.00000000e+00  0.00000000e+00  0.00000000e+00  1.00000000e+00  1.00000000e+00  1.62049553e-06  1.40615935e-06 
 1.00000000e+00  1.00000000e+00  0.00000000e+00  1.00000000e+00  0.00000000e+00  0.00000000e+00  1.00000000e+00  1.00000000e+00  1.62049560e-06  1.47816065e-06 
 1.00000000e+00  0.00000000e+00  1.00000000e+00  1.00000000e+00  0.00000000e+00  0.00000000e+00  1.00000000e+00  1.00000000e+00  1.62049564e-06  1.45687518e-06 
 1.00000000e+00  1.00000000e+00  1.00000000e+00  1.00000000e+00  0.00000000e+00  0.00000000e+00  1.00000000e+00  1.00000000e+00  1.62049564e-06  1.48066895e-06 
 1.00000000e+00  0.00000000e+00  0.00000000e+00  0.00000000e+00  1.00000000e+00  0.00000000e+00  1.00000000e+00  1.00000000e+00  1.62049570e-06  1.41068281e-06 
 1.00000000e+00  1.00000000e+00  0.00000000e+00  0.00000000e+00  1.00000000e+00  0.00000000e+00  1.00000000e+00  1.00000000e+00  1.62049575e-06  1.49415644e-06 
 1.00000000e+00  0.00000000e+00  1.00000000e+00  0.00000000e+00  1.00000000e+00  0.00000000e+00  1.00000000e+00  1.00000000e+00  1.62049579e-06  1.48444847e-06 
 1.00000000e+00  1.00000000e+00  1.00000000e+00  0.00000000e+00  1.00000000e+00  0.00000000e+00  1.00000000e+00  1.00000000e+00  1.62049582e-06  1.51778862e-06 
 1.00000000e+00  0.00000000e+00  0.00000000e+00  1.00000000e+00  1.00000000e+00  0.00000000e+00  1.00000000e+00  1.00000000e+00  1.62049588e-06  1.46409585e-06 
 1.00000000e+00  1.00000000e+00  0.00000000e+00  1.00000000e+00  1.00000000e+00  0.00000000e+00  1.00000000e+00  1.00000000e+00  1.62049589e-06  1.52039395e-06 
 1.00000000e+00  0.00000000e+00  1.00000000e+00  1.00000000e+00  1.00000000e+00  0.00000000e+00  1.00000000e+00  1.00000000e+00  1.62049595e-06  1.48942299e-06 
 1.00000000e+00  1.00000000e+00  1.00000000e+00  1.00000000e+00  1.00000000e+00  0.00000000e+00  1.00000000e+00  1.00000000e+00  1.62049600e-06  1.50172164e-06 
 1.00000000e+00  0.00000000e+00  0.00000000e+00  0.00000000e+00  0.00000000e+00  1.00000000e+00  1.00000000e+00  1.00000000e+00  1.62049602e-06  1.41956964e-06 
 1.00000000e+00  1.00000000e+00  0.00000000e+00  0.00000000e+00  0.00000000e+00  1.00000000e+00  1.00000000e+00  1.00000000e+00  1.62049601e-06  1.50989981e-06 
 1.00000000e+00  0.00000000e+00  1.00000000e+00  0.00000000e+00  0.00000000e+00  1.00000000e+00  1.00000000e+00  1.00000000e+00  1.62049609e-06  1.50566490e-06 
 1.00000000e+00  1.00000000e+00  1.00000000e+00  0.00000000e+00  0.00000000e+00  1.00000000e+00  1.00000000e+00  1.00000000e+00  1.62049611e-06  1.54376806e-06 
 1.00000000e+00  0.00000000e+00  0.00000000e+00  1.00000000e+00  0.00000000e+00  1.00000000e+00  1.00000000e+00  1.00000000e+00  1.62049620e-06  1.49696802e-06 
 1.00000000e+00  1.00000000e+00  0.00000000e+00  1.00000000e+00  0.00000000e+00  1.00000000e+00  1.00000000e+00  1.00000000e+00  1.62049614e-06  1.55640468e-06 
 1.00000000e+00  0.00000000e+00  1.00000000e+00  1.00000000e+00  0.00000000e+00  1.00000000e+00  1.00000000e+00  1.00000000e+00  1.62049623e-06  1.53227153e-06 
 1.00000000e+00  1.00000000e+00  1.00000000e+00  1.00000000e+00  0.00000000e+00  1.00000000e+00  1.00000000e+00  1.00000000e+00  1.62049628e-06  1.54908921e-06 
 1.00000000e+00  0.00000000e+00  0.00000000e+00  0.00000000e+00  1.00000000e+00  1.00000000e+00  1.00000000e+00  1.00000000e+00  1.62049630e-06  1.47848821e-06 
 1.00000000e+00  1.00000000e+00  0.00000000e+00  0.00000000e+00  1.00000000e+00  1.00000000e+00  1.00000000e+00  1.00000000e+00  1.62049627e-06  1.55180221e-06 
 1.00000000e+00  0.00000000e+00  1.00000000e+00  0.00000000e+00  1.00000000e+00  1.00000000e+00  1.00000000e+00  1.00000000e+00  1.62049639e-06  1.53748955e-06 
 1.00000000e+00  1.00000000e+00  1.00000000e+00  0.00000000e+00  1.00000000e+00  1.00000000e+00  1.00000000e+00  1.00000000e+00  1.62049639e-06  1.56453328e-06 
 1.00000000e+00  0.00000000e+00  0.00000000e+00  1.00000000e+00  1.00000000e+00  1.00000000e+00  1.00000000e+00  1.00000000e+00  1.62049650e-06  1.50672807e-06 
 1.00000000e+00  1.00000000e+00  0.00000000e+00  1.00000000e+00  1.00000000e+00  1.00000000e+00  1.00000000e+00  1.00000000e+00  1.62049650e-06  1.55708090e-06 
 1.00000000e+00  0.00000000e+00  1.00000000e+00  1.00000000e+00  1.00000000e+00  1.00000000e+00  1.00000000e+00  1.00000000e+00  1.62049651e-06  1.52064928e-06 
 1.00000000e+00  1.00000000e+00  1.00000000e+00  1.00000000e+00  1.00000000e+00  1.00000000e+00  1.00000000e+00  1.00000000e+00  1.62049658e-06  1.52752528e-06 
