 v1              i(Viin)         i(Viout)       
 0.00000000e+00  1.49658483e-06  5.89750471e-12 
 0.00000000e+00  1.49657433e-06  6.03419466e-08 
 1.80000000e+00  1.49658101e-06  6.57524737e-08 
 1.80000000e+00  1.49660090e-06  8.11250942e-08 
 0.00000000e+00  1.49659172e-06  7.86152867e-08 
 0.00000000e+00  1.49658646e-06  9.88628130e-08 
 1.80000000e+00  1.49657972e-06  1.02681426e-07 
 1.80000000e+00  1.49659169e-06  1.14398361e-07 
 0.00000000e+00  1.49659784e-06  1.11779201e-07 
 0.00000000e+00  1.49658480e-06  1.33488257e-07 
 1.80000000e+00  1.49659346e-06  1.40952395e-07 
 1.80000000e+00  1.49659740e-06  1.54817911e-07 
 0.00000000e+00  1.49661004e-06  1.57170689e-07 
 0.00000000e+00  1.49659368e-06  1.74224226e-07 
 1.80000000e+00  1.49659576e-06  1.80276388e-07 
 1.80000000e+00  1.49658240e-06  1.91865027e-07 
 0.00000000e+00  1.49659763e-06  1.94018853e-07 
 0.00000000e+00  1.49657660e-06  2.13665174e-07 
 1.80000000e+00  1.49659961e-06  2.23331426e-07 
 1.80000000e+00  1.49659128e-06  2.37633301e-07 
 0.00000000e+00  1.49660032e-06  2.43524269e-07 
 0.00000000e+00  1.49661788e-06  2.59456186e-07 
 1.80000000e+00  1.49662719e-06  2.67668185e-07 
 1.80000000e+00  1.49662522e-06  2.79719416e-07 
 0.00000000e+00  1.49660529e-06  2.85053204e-07 
 0.00000000e+00  1.49659955e-06  3.01398700e-07 
 1.80000000e+00  1.49659984e-06  3.10900205e-07 
 1.80000000e+00  1.49658719e-06  3.23614998e-07 
 0.00000000e+00  1.49660061e-06  3.30227053e-07 
 0.00000000e+00  1.49658787e-06  3.44437098e-07 
 1.80000000e+00  1.49659073e-06  3.52782649e-07 
 1.80000000e+00  1.49660044e-06  3.63982267e-07 
 0.00000000e+00  1.49659958e-06  3.71468133e-07 
 0.00000000e+00  1.49660299e-06  3.87561286e-07 
 1.80000000e+00  1.49660322e-06  3.98308217e-07 
 1.80000000e+00  1.49660473e-06  4.11537954e-07 
 0.00000000e+00  1.49661844e-06  4.19882639e-07 
 0.00000000e+00  1.49660545e-06  4.33970996e-07 
 1.80000000e+00  1.49660472e-06  4.43560097e-07 
 1.80000000e+00  1.49659258e-06  4.55353756e-07 
 0.00000000e+00  1.49660366e-06  4.63091666e-07 
 0.00000000e+00  1.49661972e-06  4.77485926e-07 
 1.80000000e+00  1.49660688e-06  4.87517710e-07 
 1.80000000e+00  1.49660463e-06  4.99799029e-07 
 0.00000000e+00  1.49660637e-06  5.08324774e-07 
 0.00000000e+00  1.49662077e-06  5.21227719e-07 
 1.80000000e+00  1.49660621e-06  5.30558168e-07 
 1.80000000e+00  1.49660662e-06  5.41751177e-07 
 0.00000000e+00  1.49661572e-06  5.50109007e-07 
 0.00000000e+00  1.49662637e-06  5.63736577e-07 
 1.80000000e+00  1.49660894e-06  5.74233539e-07 
 1.80000000e+00  1.49662943e-06  5.86100015e-07 
 0.00000000e+00  1.49660929e-06  5.95265405e-07 
 0.00000000e+00  1.49660435e-06  6.07796551e-07 
 1.80000000e+00  1.49662658e-06  6.17670935e-07 
 1.80000000e+00  1.49663615e-06  6.28792364e-07 
 0.00000000e+00  1.49662617e-06  6.37736079e-07 
 0.00000000e+00  1.49658506e-06  6.50013405e-07 
 1.80000000e+00  1.49662062e-06  6.60421662e-07 
 1.80000000e+00  1.49659521e-06  6.71686990e-07 
 0.00000000e+00  1.49662718e-06  6.81180595e-07 
 0.00000000e+00  1.49659713e-06  6.92727681e-07 
 1.80000000e+00  1.49660977e-06  7.02603884e-07 
 1.80000000e+00  1.49663337e-06  7.13398450e-07 
 0.00000000e+00  1.49659466e-06  7.21924550e-07 
 0.00000000e+00  1.49662361e-06  7.33960889e-07 
 1.80000000e+00  1.49662369e-06  7.44663382e-07 
 1.80000000e+00  1.49662401e-06  7.55767957e-07 
 0.00000000e+00  1.49660456e-06  7.65913953e-07 
 0.00000000e+00  1.49659242e-06  7.77189513e-07 
 1.80000000e+00  1.49662284e-06  7.87496703e-07 
 1.80000000e+00  1.49659476e-06  7.98279729e-07 
 0.00000000e+00  1.49662528e-06  8.08353619e-07 
 0.00000000e+00  1.49659480e-06  8.19354881e-07 
 1.80000000e+00  1.49662423e-06  8.29637401e-07 
 1.80000000e+00  1.49660165e-06  8.40164773e-07 
 0.00000000e+00  1.49661548e-06  8.50537376e-07 
 0.00000000e+00  1.49660563e-06  8.61026592e-07 
 1.80000000e+00  1.49658142e-06  8.71259985e-07 
 1.80000000e+00  1.49660654e-06  8.81719416e-07 
 0.00000000e+00  1.49660394e-06  8.92592141e-07 
 0.00000000e+00  1.49660584e-06  9.02649816e-07 
 1.80000000e+00  1.49660588e-06  9.12971103e-07 
 1.80000000e+00  1.49660480e-06  9.22902103e-07 
 0.00000000e+00  1.49659416e-06  9.33517910e-07 
 0.00000000e+00  1.49660490e-06  9.43197804e-07 
 1.80000000e+00  1.49660481e-06  9.53556977e-07 
 1.80000000e+00  1.49660639e-06  9.63472147e-07 
 0.00000000e+00  1.49658631e-06  9.74698409e-07 
 0.00000000e+00  1.49659339e-06  9.83783522e-07 
 1.80000000e+00  1.49659346e-06  9.94029577e-07 
 1.80000000e+00  1.49660308e-06  1.00368882e-06 
 0.00000000e+00  1.49662451e-06  1.01483208e-06 
 0.00000000e+00  1.49659634e-06  1.02379468e-06 
 1.80000000e+00  1.49659323e-06  1.03446872e-06 
 1.80000000e+00  1.49660550e-06  1.04443400e-06 
 0.00000000e+00  1.49660530e-06  1.05801021e-06 
 0.00000000e+00  1.49660967e-06  1.06563202e-06 
 1.80000000e+00  1.49660052e-06  1.07546184e-06 
 1.80000000e+00  1.49661882e-06  1.08409353e-06 
 0.00000000e+00  1.49660381e-06  1.09532468e-06 
 0.00000000e+00  1.49660257e-06  1.10284928e-06 
 1.80000000e+00  1.49658515e-06  1.11327832e-06 
 1.80000000e+00  1.49660368e-06  1.12223007e-06 
 0.00000000e+00  1.49662610e-06  1.13483475e-06 
 0.00000000e+00  1.49662257e-06  1.14115180e-06 
 1.80000000e+00  1.49660736e-06  1.15107404e-06 
 1.80000000e+00  1.49660550e-06  1.15895678e-06 
 0.00000000e+00  1.49662615e-06  1.17138693e-06 
 0.00000000e+00  1.49662129e-06  1.17778906e-06 
 1.80000000e+00  1.49659696e-06  1.18876476e-06 
 1.80000000e+00  1.49662411e-06  1.19764340e-06 
 0.00000000e+00  1.49660041e-06  1.21221915e-06 
 0.00000000e+00  1.49659565e-06  1.21540047e-06 
 1.80000000e+00  1.49658627e-06  1.22477631e-06 
 1.80000000e+00  1.49662632e-06  1.23085171e-06 
 0.00000000e+00  1.49662461e-06  1.24378104e-06 
 0.00000000e+00  1.49659880e-06  1.24648372e-06 
 1.80000000e+00  1.49660220e-06  1.25724679e-06 
 1.80000000e+00  1.49658976e-06  1.26346427e-06 
 0.00000000e+00  1.49658003e-06  1.27994768e-06 
 0.00000000e+00  1.49659672e-06  1.27869083e-06 
 1.80000000e+00  1.49661292e-06  1.28823983e-06 
 1.80000000e+00  1.49662449e-06  1.29154913e-06 
 0.00000000e+00  1.49659993e-06  1.30653279e-06 
 0.00000000e+00  1.49658655e-06  1.30452766e-06 
 1.80000000e+00  1.49659254e-06  1.31664879e-06 
 1.80000000e+00  1.49657105e-06  1.32075824e-06 
