 v1              i(Viin)         i(Viout)       
 0.00000000e+00  1.48465438e-06  1.61719527e-11 
 0.00000000e+00  1.48461378e-06  6.76179752e-08 
 1.80000000e+00  1.48460738e-06  7.28267082e-08 
 1.80000000e+00  1.48460764e-06  8.81968134e-08 
 0.00000000e+00  1.48462702e-06  8.46471551e-08 
 0.00000000e+00  1.48463595e-06  1.03683760e-07 
 1.80000000e+00  1.48460398e-06  1.07176305e-07 
 1.80000000e+00  1.48462216e-06  1.17517232e-07 
 0.00000000e+00  1.48462803e-06  1.14685747e-07 
 0.00000000e+00  1.48463814e-06  1.34113833e-07 
 1.80000000e+00  1.48463153e-06  1.41122584e-07 
 1.80000000e+00  1.48462276e-06  1.53418682e-07 
 0.00000000e+00  1.48462633e-06  1.56904818e-07 
 0.00000000e+00  1.48462691e-06  1.71449400e-07 
 1.80000000e+00  1.48461703e-06  1.78178453e-07 
 1.80000000e+00  1.48463210e-06  1.88757213e-07 
 0.00000000e+00  1.48462549e-06  1.93435724e-07 
 0.00000000e+00  1.48461352e-06  2.09456744e-07 
 1.80000000e+00  1.48460784e-06  2.19426951e-07 
 1.80000000e+00  1.48461557e-06  2.31577147e-07 
 0.00000000e+00  1.48461594e-06  2.40014543e-07 
 0.00000000e+00  1.48461503e-06  2.52953981e-07 
 1.80000000e+00  1.48462547e-06  2.62483965e-07 
 1.80000000e+00  1.48464219e-06  2.73574329e-07 
 0.00000000e+00  1.48462986e-06  2.82492493e-07 
 0.00000000e+00  1.48461415e-06  2.94996141e-07 
 1.80000000e+00  1.48461400e-06  3.05474046e-07 
 1.80000000e+00  1.48466607e-06  3.16599696e-07 
 0.00000000e+00  1.48461356e-06  3.27111991e-07 
 0.00000000e+00  1.48462862e-06  3.38477918e-07 
 1.80000000e+00  1.48462979e-06  3.49301118e-07 
 1.80000000e+00  1.48460863e-06  3.60377186e-07 
 0.00000000e+00  1.48461420e-06  3.73079075e-07 
 0.00000000e+00  1.48462093e-06  3.84123183e-07 
 1.80000000e+00  1.48462511e-06  3.95245152e-07 
 1.80000000e+00  1.48462487e-06  4.06112122e-07 
 0.00000000e+00  1.48459696e-06  4.17795320e-07 
 0.00000000e+00  1.48461998e-06  4.28282689e-07 
 1.80000000e+00  1.48458037e-06  4.39641980e-07 
 1.80000000e+00  1.48462505e-06  4.50453271e-07 
 0.00000000e+00  1.48461579e-06  4.62656885e-07 
 0.00000000e+00  1.48462214e-06  4.72480110e-07 
 1.80000000e+00  1.48462601e-06  4.83810084e-07 
 1.80000000e+00  1.48458564e-06  4.94368678e-07 
 0.00000000e+00  1.48461651e-06  5.06944104e-07 
 0.00000000e+00  1.48461244e-06  5.16802032e-07 
 1.80000000e+00  1.48461073e-06  5.28881571e-07 
 1.80000000e+00  1.48461046e-06  5.39804319e-07 
 0.00000000e+00  1.48461344e-06  5.53550635e-07 
 0.00000000e+00  1.48464838e-06  5.62291177e-07 
 1.80000000e+00  1.48463031e-06  5.73719987e-07 
 1.80000000e+00  1.48462940e-06  5.83696675e-07 
 0.00000000e+00  1.48461556e-06  5.96941632e-07 
 0.00000000e+00  1.48462138e-06  6.05960892e-07 
 1.80000000e+00  1.48462287e-06  6.18332678e-07 
 1.80000000e+00  1.48460792e-06  6.28891328e-07 
 0.00000000e+00  1.48465604e-06  6.43024848e-07 
 0.00000000e+00  1.48461072e-06  6.51287181e-07 
 1.80000000e+00  1.48456854e-06  6.63264700e-07 
 1.80000000e+00  1.48460665e-06  6.73344957e-07 
 0.00000000e+00  1.48456801e-06  6.87572694e-07 
 0.00000000e+00  1.48460602e-06  6.96633705e-07 
 1.80000000e+00  1.48460754e-06  7.09838602e-07 
 1.80000000e+00  1.48461053e-06  7.20869693e-07 
 0.00000000e+00  1.48460243e-06  7.36475201e-07 
 0.00000000e+00  1.48460563e-06  7.43201923e-07 
 1.80000000e+00  1.48461436e-06  7.54504853e-07 
 1.80000000e+00  1.48461432e-06  7.63355928e-07 
 0.00000000e+00  1.48462024e-06  7.77316416e-07 
 0.00000000e+00  1.48458633e-06  7.84736599e-07 
 1.80000000e+00  1.48461436e-06  7.97248617e-07 
 1.80000000e+00  1.48459997e-06  8.07144900e-07 
 0.00000000e+00  1.48461248e-06  8.22361528e-07 
 0.00000000e+00  1.48461441e-06  8.28840868e-07 
 1.80000000e+00  1.48459517e-06  8.40665564e-07 
 1.80000000e+00  1.48459333e-06  8.49712507e-07 
 0.00000000e+00  1.48459555e-06  8.64694229e-07 
 0.00000000e+00  1.48460652e-06  8.72244328e-07 
 1.80000000e+00  1.48457128e-06  8.85564177e-07 
 1.80000000e+00  1.48459663e-06  8.96005645e-07 
 0.00000000e+00  1.48458632e-06  9.12876786e-07 
 0.00000000e+00  1.48459576e-06  9.18037216e-07 
 1.80000000e+00  1.48459675e-06  9.29603630e-07 
 1.80000000e+00  1.48462513e-06  9.37933024e-07 
 0.00000000e+00  1.48462270e-06  9.53046424e-07 
 0.00000000e+00  1.48459394e-06  9.59360008e-07 
 1.80000000e+00  1.48459689e-06  9.72610408e-07 
 1.80000000e+00  1.48459305e-06  9.82335067e-07 
 0.00000000e+00  1.48459607e-06  9.99243866e-07 
 0.00000000e+00  1.48458975e-06  1.00431571e-06 
 1.80000000e+00  1.48460985e-06  1.01679080e-06 
 1.80000000e+00  1.48459138e-06  1.02538624e-06 
 0.00000000e+00  1.48458292e-06  1.04196759e-06 
 0.00000000e+00  1.48459019e-06  1.04847065e-06 
 1.80000000e+00  1.48460451e-06  1.06314991e-06 
 1.80000000e+00  1.48455686e-06  1.07341071e-06 
 0.00000000e+00  1.48458060e-06  1.09407206e-06 
 0.00000000e+00  1.48459036e-06  1.09653995e-06 
 1.80000000e+00  1.48461680e-06  1.10792067e-06 
 1.80000000e+00  1.48461217e-06  1.11456549e-06 
 0.00000000e+00  1.48458470e-06  1.13041791e-06 
 0.00000000e+00  1.48458629e-06  1.13448912e-06 
 1.80000000e+00  1.48458724e-06  1.14797123e-06 
 1.80000000e+00  1.48461007e-06  1.15666225e-06 
 0.00000000e+00  1.48458651e-06  1.17521259e-06 
 0.00000000e+00  1.48457783e-06  1.17703145e-06 
 1.80000000e+00  1.48462285e-06  1.18958515e-06 
 1.80000000e+00  1.48459594e-06  1.19610043e-06 
 0.00000000e+00  1.48458632e-06  1.21409956e-06 
 0.00000000e+00  1.48458340e-06  1.21758178e-06 
 1.80000000e+00  1.48457449e-06  1.23279013e-06 
 1.80000000e+00  1.48458105e-06  1.24184895e-06 
 0.00000000e+00  1.48457618e-06  1.26458430e-06 
 0.00000000e+00  1.48458144e-06  1.26218634e-06 
 1.80000000e+00  1.48455964e-06  1.27323517e-06 
 1.80000000e+00  1.48457982e-06  1.27738561e-06 
 0.00000000e+00  1.48459032e-06  1.29610471e-06 
 0.00000000e+00  1.48460203e-06  1.29551414e-06 
 1.80000000e+00  1.48460185e-06  1.30981505e-06 
 1.80000000e+00  1.48458288e-06  1.31590116e-06 
 0.00000000e+00  1.48459156e-06  1.33983315e-06 
 0.00000000e+00  1.48459320e-06  1.33342971e-06 
 1.80000000e+00  1.48459368e-06  1.34517222e-06 
 1.80000000e+00  1.48459520e-06  1.34731721e-06 
 0.00000000e+00  1.48457392e-06  1.36921544e-06 
 0.00000000e+00  1.48458665e-06  1.36434356e-06 
 1.80000000e+00  1.48457302e-06  1.38108707e-06 
 1.80000000e+00  1.48456531e-06  1.38620953e-06 
