 v1              i(Viin)         i(Viout)       
 0.00000000e+00  1.50884867e-06  1.82609483e-11 
 0.00000000e+00  1.50883824e-06  2.19286434e-07 
 1.80000000e+00  1.50881108e-06  2.24759873e-07 
 1.80000000e+00  1.50884020e-06  2.56803446e-07 
 0.00000000e+00  1.50881212e-06  2.33033731e-07 
 0.00000000e+00  1.50882474e-06  2.76784220e-07 
 1.80000000e+00  1.50883807e-06  2.69186970e-07 
 1.80000000e+00  1.50885661e-06  2.83803132e-07 
 0.00000000e+00  1.50881378e-06  2.51324707e-07 
 0.00000000e+00  1.50881937e-06  2.98803926e-07 
 1.80000000e+00  1.50884927e-06  2.96483691e-07 
 1.80000000e+00  1.50883147e-06  3.14455008e-07 
 0.00000000e+00  1.50885381e-06  2.95759264e-07 
 0.00000000e+00  1.50883332e-06  3.22782526e-07 
 1.80000000e+00  1.50885060e-06  3.14705588e-07 
 1.80000000e+00  1.50885408e-06  3.23506484e-07 
 0.00000000e+00  1.50882262e-06  2.93490871e-07 
 0.00000000e+00  1.50886822e-06  3.34064723e-07 
 1.80000000e+00  1.50882107e-06  3.39250334e-07 
 1.80000000e+00  1.50884438e-06  3.54534251e-07 
 0.00000000e+00  1.50885258e-06  3.44357858e-07 
 0.00000000e+00  1.50887082e-06  3.64795923e-07 
 1.80000000e+00  1.50885676e-06  3.63627848e-07 
 1.80000000e+00  1.50885735e-06  3.72481097e-07 
 0.00000000e+00  1.50885083e-06  3.59308117e-07 
 0.00000000e+00  1.50885491e-06  3.81865050e-07 
 1.80000000e+00  1.50886750e-06  3.84174200e-07 
 1.80000000e+00  1.50884254e-06  3.94591893e-07 
 0.00000000e+00  1.50884915e-06  3.89690086e-07 
 0.00000000e+00  1.50883987e-06  4.03731690e-07 
 1.80000000e+00  1.50883886e-06  4.03192303e-07 
 1.80000000e+00  1.50885705e-06  4.09549784e-07 
 0.00000000e+00  1.50885715e-06  4.02124002e-07 
 0.00000000e+00  1.50883967e-06  4.22310094e-07 
 1.80000000e+00  1.50884611e-06  4.27286849e-07 
 1.80000000e+00  1.50882140e-06  4.37225566e-07 
 0.00000000e+00  1.50883649e-06  4.39966215e-07 
 0.00000000e+00  1.50884246e-06  4.48340032e-07 
 1.80000000e+00  1.50885248e-06  4.52781265e-07 
 1.80000000e+00  1.50884588e-06  4.60072982e-07 
 0.00000000e+00  1.50883538e-06  4.65732626e-07 
 0.00000000e+00  1.50883754e-06  4.71517922e-07 
 1.80000000e+00  1.50880628e-06  4.78552437e-07 
 1.80000000e+00  1.50885988e-06  4.81211686e-07 
 0.00000000e+00  1.50885383e-06  4.90857289e-07 
 0.00000000e+00  1.50882676e-06  4.93589752e-07 
 1.80000000e+00  1.50881753e-06  5.02462811e-07 
 1.80000000e+00  1.50884323e-06  5.08066719e-07 
 0.00000000e+00  1.50885364e-06  5.26767948e-07 
 0.00000000e+00  1.50883997e-06  5.19816268e-07 
 1.80000000e+00  1.50882595e-06  5.29135264e-07 
 1.80000000e+00  1.50880095e-06  5.29834281e-07 
 0.00000000e+00  1.50884392e-06  5.45065760e-07 
 0.00000000e+00  1.50884058e-06  5.39950506e-07 
 1.80000000e+00  1.50883820e-06  5.52011713e-07 
 1.80000000e+00  1.50886120e-06  5.55925837e-07 
 0.00000000e+00  1.50883075e-06  5.84315387e-07 
 0.00000000e+00  1.50885114e-06  5.71180976e-07 
 1.80000000e+00  1.50883507e-06  5.82909948e-07 
 1.80000000e+00  1.50882445e-06  5.82652731e-07 
 0.00000000e+00  1.50886338e-06  6.11583857e-07 
 0.00000000e+00  1.50883533e-06  6.01637495e-07 
 1.80000000e+00  1.50885492e-06  6.24309209e-07 
 1.80000000e+00  1.50883994e-06  6.32229671e-07 
 0.00000000e+00  1.50883345e-06  6.88702741e-07 
 0.00000000e+00  1.50883118e-06  6.45875261e-07 
 1.80000000e+00  1.50885843e-06  6.54624515e-07 
 1.80000000e+00  1.50885012e-06  6.41895241e-07 
 0.00000000e+00  1.50882221e-06  6.72319388e-07 
 0.00000000e+00  1.50881377e-06  6.48514145e-07 
 1.80000000e+00  1.50882947e-06  6.66023823e-07 
 1.80000000e+00  1.50884783e-06  6.63372617e-07 
 0.00000000e+00  1.50882933e-06  7.08432637e-07 
 0.00000000e+00  1.50883129e-06  6.73351906e-07 
 1.80000000e+00  1.50883113e-06  6.86116749e-07 
 1.80000000e+00  1.50886086e-06  6.77931382e-07 
 0.00000000e+00  1.50882518e-06  7.16359992e-07 
 0.00000000e+00  1.50886039e-06  6.92657508e-07 
 1.80000000e+00  1.50884730e-06  7.19109650e-07 
 1.80000000e+00  1.50884556e-06  7.20864975e-07 
 0.00000000e+00  1.50882687e-06  7.86118107e-07 
 0.00000000e+00  1.50881034e-06  7.34933465e-07 
 1.80000000e+00  1.50882873e-06  7.46419047e-07 
 1.80000000e+00  1.50885852e-06  7.31036550e-07 
 0.00000000e+00  1.50884529e-06  7.70918987e-07 
 0.00000000e+00  1.50885799e-06  7.39751613e-07 
 1.80000000e+00  1.50880878e-06  7.65680255e-07 
 1.80000000e+00  1.50882759e-06  7.63323982e-07 
 0.00000000e+00  1.50882438e-06  8.26345101e-07 
 0.00000000e+00  1.50882668e-06  7.79367497e-07 
 1.80000000e+00  1.50880740e-06  7.99443555e-07 
 1.80000000e+00  1.50884183e-06  7.87746700e-07 
 0.00000000e+00  1.50883751e-06  8.45629145e-07 
 0.00000000e+00  1.50880626e-06  8.13422417e-07 
 1.80000000e+00  1.50885491e-06  8.54006657e-07 
 1.80000000e+00  1.50882363e-06  8.58772736e-07 
 0.00000000e+00  1.50885050e-06  9.62287402e-07 
 0.00000000e+00  1.50883147e-06  8.75536458e-07 
 1.80000000e+00  1.50882761e-06  8.88002759e-07 
 1.80000000e+00  1.50880385e-06  8.58395310e-07 
 0.00000000e+00  1.50882418e-06  9.12544579e-07 
 0.00000000e+00  1.50882174e-06  8.62178283e-07 
 1.80000000e+00  1.50883220e-06  8.94121868e-07 
 1.80000000e+00  1.50880224e-06  8.84925797e-07 
 0.00000000e+00  1.50882495e-06  9.65538362e-07 
 0.00000000e+00  1.50882110e-06  8.97045282e-07 
 1.80000000e+00  1.50882046e-06  9.19659996e-07 
 1.80000000e+00  1.50881988e-06  8.99808825e-07 
 0.00000000e+00  1.50881668e-06  9.67357295e-07 
 0.00000000e+00  1.50882882e-06  9.23174355e-07 
 1.80000000e+00  1.50879835e-06  9.68223645e-07 
 1.80000000e+00  1.50881792e-06  9.69491154e-07 
 0.00000000e+00  1.50881384e-06  1.08448550e-06 
 0.00000000e+00  1.50882110e-06  9.87558565e-07 
 1.80000000e+00  1.50881361e-06  1.00698932e-06 
 1.80000000e+00  1.50881608e-06  9.76349696e-07 
 0.00000000e+00  1.50883970e-06  1.04862831e-06 
 0.00000000e+00  1.50881490e-06  9.88743238e-07 
 1.80000000e+00  1.50881894e-06  1.03312868e-06 
 1.80000000e+00  1.50881334e-06  1.02629339e-06 
 0.00000000e+00  1.50880878e-06  1.13956997e-06 
 0.00000000e+00  1.50880960e-06  1.05148304e-06 
 1.80000000e+00  1.50881614e-06  1.08666508e-06 
 1.80000000e+00  1.50883072e-06  1.06437844e-06 
 0.00000000e+00  1.50880601e-06  1.16516068e-06 
 0.00000000e+00  1.50881773e-06  1.10501863e-06 
 1.80000000e+00  1.50880346e-06  1.17725570e-06 
 1.80000000e+00  1.50880268e-06  1.18293251e-06 
