 v1              i(Viin)         i(Viout)       
 0.00000000e+00  1.51711616e-06  1.84172677e-11 
 0.00000000e+00  1.51713101e-06  4.33421263e-07 
 1.80000000e+00  1.51712680e-06  4.41771604e-07 
 1.80000000e+00  1.51712592e-06  5.81238126e-07 
 0.00000000e+00  1.51714103e-06  4.57003907e-07 
 0.00000000e+00  1.51716223e-06  6.53446435e-07 
 1.80000000e+00  1.51712625e-06  6.04452481e-07 
 1.80000000e+00  1.51714349e-06  6.69063596e-07 
 0.00000000e+00  1.51713006e-06  4.89108118e-07 
 0.00000000e+00  1.51714681e-06  7.09953909e-07 
 1.80000000e+00  1.51715538e-06  6.90995165e-07 
 1.80000000e+00  1.51714644e-06  7.73359744e-07 
 0.00000000e+00  1.51714239e-06  6.50027701e-07 
 0.00000000e+00  1.51713242e-06  7.86176443e-07 
 1.80000000e+00  1.51714157e-06  7.19104847e-07 
 1.80000000e+00  1.51715030e-06  7.52320673e-07 
 0.00000000e+00  1.51713914e-06  5.54418847e-07 
 0.00000000e+00  1.51716154e-06  7.78892158e-07 
 1.80000000e+00  1.51719169e-06  7.73877602e-07 
 1.80000000e+00  1.51715064e-06  8.57502201e-07 
 0.00000000e+00  1.51715676e-06  7.62987966e-07 
 0.00000000e+00  1.51715358e-06  8.88367495e-07 
 1.80000000e+00  1.51716637e-06  8.46085044e-07 
 1.80000000e+00  1.51716371e-06  8.82068619e-07 
 0.00000000e+00  1.51714984e-06  7.39453768e-07 
 0.00000000e+00  1.51721122e-06  8.95767528e-07 
 1.80000000e+00  1.51716939e-06  8.71222369e-07 
 1.80000000e+00  1.51715913e-06  9.23848390e-07 
 0.00000000e+00  1.51715528e-06  8.18688903e-07 
 0.00000000e+00  1.51715817e-06  9.17711063e-07 
 1.80000000e+00  1.51715801e-06  8.54718905e-07 
 1.80000000e+00  1.51714271e-06  8.71687192e-07 
 0.00000000e+00  1.51715541e-06  6.82507618e-07 
 0.00000000e+00  1.51716124e-06  8.90233153e-07 
 1.80000000e+00  1.51718224e-06  8.91884511e-07 
 1.80000000e+00  1.51715113e-06  9.64062721e-07 
 0.00000000e+00  1.51714563e-06  8.93410657e-07 
 0.00000000e+00  1.51717923e-06  9.98596690e-07 
 1.80000000e+00  1.51716003e-06  9.70134124e-07 
 1.80000000e+00  1.51720015e-06  1.00194126e-06 
 0.00000000e+00  1.51719512e-06  8.99627224e-07 
 0.00000000e+00  1.51718187e-06  1.01835097e-06 
 1.80000000e+00  1.51717228e-06  1.00610332e-06 
 1.80000000e+00  1.51717529e-06  1.04511351e-06 
 0.00000000e+00  1.51721180e-06  9.80080387e-07 
 0.00000000e+00  1.51717649e-06  1.04860436e-06 
 1.80000000e+00  1.51718099e-06  1.01353078e-06 
 1.80000000e+00  1.51717617e-06  1.02802494e-06 
 0.00000000e+00  1.51715845e-06  9.09037354e-07 
 0.00000000e+00  1.51718265e-06  1.03846183e-06 
 1.80000000e+00  1.51717799e-06  1.03340862e-06 
 1.80000000e+00  1.51719682e-06  1.07621754e-06 
 0.00000000e+00  1.51717850e-06  1.02356394e-06 
 0.00000000e+00  1.51718129e-06  1.08835033e-06 
 1.80000000e+00  1.51720221e-06  1.06604588e-06 
 1.80000000e+00  1.51718356e-06  1.08242853e-06 
 0.00000000e+00  1.51718872e-06  9.99770904e-07 
 0.00000000e+00  1.51718461e-06  1.08628095e-06 
 1.80000000e+00  1.51718223e-06  1.07300441e-06 
 1.80000000e+00  1.51719942e-06  1.10048141e-06 
 0.00000000e+00  1.51719895e-06  1.03888914e-06 
 0.00000000e+00  1.51719981e-06  1.09501150e-06 
 1.80000000e+00  1.51720766e-06  1.05708919e-06 
 1.80000000e+00  1.51719657e-06  1.06531914e-06 
 0.00000000e+00  1.51716701e-06  9.29543731e-07 
 0.00000000e+00  1.51715922e-06  1.07611679e-06 
 1.80000000e+00  1.51723357e-06  1.08194048e-06 
 1.80000000e+00  1.51716308e-06  1.12214188e-06 
 0.00000000e+00  1.51723475e-06  1.08871355e-06 
 0.00000000e+00  1.51718311e-06  1.14253444e-06 
 1.80000000e+00  1.51718538e-06  1.13103026e-06 
 1.80000000e+00  1.51715925e-06  1.14708368e-06 
 0.00000000e+00  1.51718434e-06  1.10157973e-06 
 0.00000000e+00  1.51720560e-06  1.16020584e-06 
 1.80000000e+00  1.51716823e-06  1.15594536e-06 
 1.80000000e+00  1.51719868e-06  1.17414103e-06 
 0.00000000e+00  1.51716849e-06  1.14953596e-06 
 0.00000000e+00  1.51719969e-06  1.17913081e-06 
 1.80000000e+00  1.51720701e-06  1.16807382e-06 
 1.80000000e+00  1.51719992e-06  1.17571282e-06 
 0.00000000e+00  1.51718481e-06  1.13088500e-06 
 0.00000000e+00  1.51717275e-06  1.18216538e-06 
 1.80000000e+00  1.51717300e-06  1.18260974e-06 
 1.80000000e+00  1.51723225e-06  1.20019394e-06 
 0.00000000e+00  1.51722557e-06  1.18611813e-06 
 0.00000000e+00  1.51721235e-06  1.20588768e-06 
 1.80000000e+00  1.51724916e-06  1.20349669e-06 
 1.80000000e+00  1.51720489e-06  1.20730870e-06 
 0.00000000e+00  1.51724849e-06  1.18934389e-06 
 0.00000000e+00  1.51720579e-06  1.21209111e-06 
 1.80000000e+00  1.51720585e-06  1.21069125e-06 
 1.80000000e+00  1.51720668e-06  1.21814182e-06 
 0.00000000e+00  1.51720590e-06  1.20721002e-06 
 0.00000000e+00  1.51720559e-06  1.22111315e-06 
 1.80000000e+00  1.51719546e-06  1.21533401e-06 
 1.80000000e+00  1.51720583e-06  1.21964591e-06 
 0.00000000e+00  1.51720403e-06  1.19491494e-06 
 0.00000000e+00  1.51717468e-06  1.22338194e-06 
 1.80000000e+00  1.51721905e-06  1.22770710e-06 
 1.80000000e+00  1.51720957e-06  1.23519075e-06 
 0.00000000e+00  1.51724930e-06  1.23405698e-06 
 0.00000000e+00  1.51721035e-06  1.24107490e-06 
 1.80000000e+00  1.51721045e-06  1.24122259e-06 
 1.80000000e+00  1.51721063e-06  1.24446677e-06 
 0.00000000e+00  1.51725560e-06  1.24368886e-06 
 0.00000000e+00  1.51721122e-06  1.24889266e-06 
 1.80000000e+00  1.51721139e-06  1.25050313e-06 
 1.80000000e+00  1.51720144e-06  1.25285781e-06 
 0.00000000e+00  1.51721153e-06  1.25404654e-06 
 0.00000000e+00  1.51721187e-06  1.25697125e-06 
 1.80000000e+00  1.51721210e-06  1.25912604e-06 
 1.80000000e+00  1.51721352e-06  1.26118525e-06 
 0.00000000e+00  1.51723496e-06  1.26747628e-06 
 0.00000000e+00  1.51722283e-06  1.26637703e-06 
 1.80000000e+00  1.51721254e-06  1.26818233e-06 
 1.80000000e+00  1.51721275e-06  1.26889643e-06 
 0.00000000e+00  1.51725799e-06  1.27640459e-06 
 0.00000000e+00  1.51722767e-06  1.27314628e-06 
 1.80000000e+00  1.51725784e-06  1.27875651e-06 
 1.80000000e+00  1.51723606e-06  1.27864197e-06 
 0.00000000e+00  1.51726564e-06  1.29269793e-06 
 0.00000000e+00  1.51725260e-06  1.28430901e-06 
 1.80000000e+00  1.51721250e-06  1.28680988e-06 
 1.80000000e+00  1.51722115e-06  1.28621446e-06 
 0.00000000e+00  1.51720684e-06  1.29946568e-06 
 0.00000000e+00  1.51721198e-06  1.29240885e-06 
 1.80000000e+00  1.51721176e-06  1.30421593e-06 
 1.80000000e+00  1.51721818e-06  1.30667974e-06 
