 v1              i(Viin)         i(viout)       
 0.00000000e+00  1.49107716e-06  9.77706804e-12 
 0.00000000e+00  1.49108649e-06  2.03529595e-07 
 1.80000000e+00  1.49106282e-06  2.08093056e-07 
 1.80000000e+00  1.49109263e-06  2.35836950e-07 
 0.00000000e+00  1.49109589e-06  2.14406356e-07 
 0.00000000e+00  1.49107530e-06  2.53269377e-07 
 1.80000000e+00  1.49109651e-06  2.46913061e-07 
 1.80000000e+00  1.49109859e-06  2.59726164e-07 
 0.00000000e+00  1.49108504e-06  2.31216376e-07 
 0.00000000e+00  1.49110079e-06  2.70898141e-07 
 1.80000000e+00  1.49108634e-06  2.71604847e-07 
 1.80000000e+00  1.49113596e-06  2.83865234e-07 
 0.00000000e+00  1.49111605e-06  2.69743609e-07 
 0.00000000e+00  1.49112248e-06  2.91725783e-07 
 1.80000000e+00  1.49110055e-06  2.86962219e-07 
 1.80000000e+00  1.49110465e-06  2.94917101e-07 
 0.00000000e+00  1.49109637e-06  2.70027627e-07 
 0.00000000e+00  1.49108754e-06  3.05735000e-07 
 1.80000000e+00  1.49110043e-06  3.07392384e-07 
 1.80000000e+00  1.49109175e-06  3.21199735e-07 
 0.00000000e+00  1.49108621e-06  3.14248993e-07 
 0.00000000e+00  1.49111779e-06  3.30303891e-07 
 1.80000000e+00  1.49113990e-06  3.29114329e-07 
 1.80000000e+00  1.49111789e-06  3.36821103e-07 
 0.00000000e+00  1.49107650e-06  3.29464314e-07 
 0.00000000e+00  1.49109283e-06  3.46823924e-07 
 1.80000000e+00  1.49111793e-06  3.48201311e-07 
 1.80000000e+00  1.49110970e-06  3.56422277e-07 
 0.00000000e+00  1.49111311e-06  3.54157990e-07 
 0.00000000e+00  1.49107832e-06  3.65584498e-07 
 1.80000000e+00  1.49108197e-06  3.66673291e-07 
 1.80000000e+00  1.49108902e-06  3.72113860e-07 
 0.00000000e+00  1.49111743e-06  3.70627319e-07 
 0.00000000e+00  1.49110804e-06  3.82801019e-07 
 1.80000000e+00  1.49110105e-06  3.88403208e-07 
 1.80000000e+00  1.49109243e-06  3.94876253e-07 
 0.00000000e+00  1.49111743e-06  3.99957187e-07 
 0.00000000e+00  1.49109047e-06  4.04624814e-07 
 1.80000000e+00  1.49110883e-06  4.09850685e-07 
 1.80000000e+00  1.49109735e-06  4.14807573e-07 
 0.00000000e+00  1.49111703e-06  4.24765744e-07 
 0.00000000e+00  1.49109221e-06  4.26003822e-07 
 1.80000000e+00  1.49108250e-06  4.31737334e-07 
 1.80000000e+00  1.49111503e-06  4.34176997e-07 
 0.00000000e+00  1.49107650e-06  4.46537157e-07 
 0.00000000e+00  1.49108119e-06  4.46243448e-07 
 1.80000000e+00  1.49109147e-06  4.56524759e-07 
 1.80000000e+00  1.49109988e-06  4.59372259e-07 
 0.00000000e+00  1.49109155e-06  4.84098763e-07 
 0.00000000e+00  1.49109442e-06  4.71949747e-07 
 1.80000000e+00  1.49108841e-06  4.80109122e-07 
 1.80000000e+00  1.49109924e-06  4.78188298e-07 
 0.00000000e+00  1.49109785e-06  4.96782818e-07 
 0.00000000e+00  1.49110026e-06  4.87679628e-07 
 1.80000000e+00  1.49110593e-06  5.01472144e-07 
 1.80000000e+00  1.49111338e-06  5.04532778e-07 
 0.00000000e+00  1.49107051e-06  5.36102462e-07 
 0.00000000e+00  1.49108529e-06  5.18043393e-07 
 1.80000000e+00  1.49104321e-06  5.32218479e-07 
 1.80000000e+00  1.49109012e-06  5.28259079e-07 
 0.00000000e+00  1.49109221e-06  5.60994565e-07 
 0.00000000e+00  1.49110444e-06  5.47832556e-07 
 1.80000000e+00  1.49104859e-06  5.73702849e-07 
 1.80000000e+00  1.49109177e-06  5.78996747e-07 
 0.00000000e+00  1.49107710e-06  6.44468145e-07 
 0.00000000e+00  1.49108287e-06  5.93839687e-07 
 1.80000000e+00  1.49107113e-06  6.01531525e-07 
 1.80000000e+00  1.49107113e-06  5.85780484e-07 
 0.00000000e+00  1.49112238e-06  6.18160541e-07 
 0.00000000e+00  1.49108237e-06  5.90536914e-07 
 1.80000000e+00  1.49108180e-06  6.08726623e-07 
 1.80000000e+00  1.49107699e-06  6.05271651e-07 
 0.00000000e+00  1.49106437e-06  6.53647390e-07 
 0.00000000e+00  1.49106958e-06  6.14127259e-07 
 1.80000000e+00  1.49111059e-06  6.27557597e-07 
 1.80000000e+00  1.49107593e-06  6.17458738e-07 
 0.00000000e+00  1.49110615e-06  6.58198630e-07 
 0.00000000e+00  1.49107601e-06  6.31725541e-07 
 1.80000000e+00  1.49106927e-06  6.59479127e-07 
 1.80000000e+00  1.49104518e-06  6.61285938e-07 
 0.00000000e+00  1.49107781e-06  7.30652189e-07 
 0.00000000e+00  1.49109418e-06  6.73378096e-07 
 1.80000000e+00  1.49108416e-06  6.85107963e-07 
 1.80000000e+00  1.49106889e-06  6.67739272e-07 
 0.00000000e+00  1.49104426e-06  7.10599139e-07 
 0.00000000e+00  1.49107746e-06  6.75799882e-07 
 1.80000000e+00  1.49106242e-06  7.01820412e-07 
 1.80000000e+00  1.49110527e-06  6.98860660e-07 
 0.00000000e+00  1.49105416e-06  7.66836706e-07 
 0.00000000e+00  1.49107248e-06  7.14445633e-07 
 1.80000000e+00  1.49111112e-06  7.37129184e-07 
 1.80000000e+00  1.49108541e-06  7.23248675e-07 
 0.00000000e+00  1.49109785e-06  7.84097068e-07 
 0.00000000e+00  1.49106512e-06  7.47361923e-07 
 1.80000000e+00  1.49106384e-06  7.90847508e-07 
 1.80000000e+00  1.49108200e-06  7.94714026e-07 
 0.00000000e+00  1.49108847e-06  9.04759489e-07 
 0.00000000e+00  1.49105983e-06  8.10104709e-07 
 1.80000000e+00  1.49109202e-06  8.23722758e-07 
 1.80000000e+00  1.49108121e-06  7.92576643e-07 
 0.00000000e+00  1.49106103e-06  8.48544943e-07 
 0.00000000e+00  1.49107643e-06  7.94882993e-07 
 1.80000000e+00  1.49106286e-06  8.27027847e-07 
 1.80000000e+00  1.49107932e-06  8.17035712e-07 
 0.00000000e+00  1.49108743e-06  9.02623370e-07 
 0.00000000e+00  1.49108786e-06  8.29774763e-07 
 1.80000000e+00  1.49107402e-06  8.51805254e-07 
 1.80000000e+00  1.49109596e-06  8.30365977e-07 
 0.00000000e+00  1.49105513e-06  9.02445478e-07 
 0.00000000e+00  1.49102327e-06  8.53224492e-07 
 1.80000000e+00  1.49105627e-06  9.01254481e-07 
 1.80000000e+00  1.49108259e-06  9.01755541e-07 
 0.00000000e+00  1.49106341e-06  1.02314917e-06 
 0.00000000e+00  1.49107923e-06  9.21126926e-07 
 1.80000000e+00  1.49106862e-06  9.41136008e-07 
 1.80000000e+00  1.49105639e-06  9.07371088e-07 
 0.00000000e+00  1.49107403e-06  9.82727514e-07 
 0.00000000e+00  1.49105833e-06  9.19711738e-07 
 1.80000000e+00  1.49107053e-06  9.66354591e-07 
 1.80000000e+00  1.49105172e-06  9.57974407e-07 
 0.00000000e+00  1.49108061e-06  1.07744822e-06 
 0.00000000e+00  1.49106151e-06  9.84246540e-07 
 1.80000000e+00  1.49105466e-06  1.02033806e-06 
 1.80000000e+00  1.49103012e-06  9.95321386e-07 
 0.00000000e+00  1.49106680e-06  1.10267106e-06 
 0.00000000e+00  1.49103406e-06  1.03848213e-06 
 1.80000000e+00  1.49103685e-06  1.11379835e-06 
 1.80000000e+00  1.49107279e-06  1.12071754e-06 
