 v1              i(Viin)         i(Viout)       
 0.00000000e+00  1.54876814e-06  1.37703182e-11 
 0.00000000e+00  1.54874267e-06  2.18757009e-07 
 1.80000000e+00  1.54875414e-06  2.21661949e-07 
 1.80000000e+00  1.54876132e-06  2.51704165e-07 
 0.00000000e+00  1.54877145e-06  2.29174546e-07 
 0.00000000e+00  1.54878283e-06  2.67959010e-07 
 1.80000000e+00  1.54876240e-06  2.62926548e-07 
 1.80000000e+00  1.54877361e-06  2.76248372e-07 
 0.00000000e+00  1.54878931e-06  2.45939717e-07 
 0.00000000e+00  1.54877857e-06  2.88001388e-07 
 1.80000000e+00  1.54877770e-06  2.87509039e-07 
 1.80000000e+00  1.54876666e-06  3.03524445e-07 
 0.00000000e+00  1.54878620e-06  2.87159878e-07 
 0.00000000e+00  1.54878626e-06  3.10683660e-07 
 1.80000000e+00  1.54876433e-06  3.04948244e-07 
 1.80000000e+00  1.54877446e-06  3.13037447e-07 
 0.00000000e+00  1.54875185e-06  2.87869071e-07 
 0.00000000e+00  1.54879660e-06  3.22023155e-07 
 1.80000000e+00  1.54877637e-06  3.26272470e-07 
 1.80000000e+00  1.54878281e-06  3.39506499e-07 
 0.00000000e+00  1.54877624e-06  3.32801122e-07 
 0.00000000e+00  1.54875313e-06  3.51121827e-07 
 1.80000000e+00  1.54878505e-06  3.49840889e-07 
 1.80000000e+00  1.54878508e-06  3.56834107e-07 
 0.00000000e+00  1.54877962e-06  3.48053774e-07 
 0.00000000e+00  1.54877729e-06  3.65961100e-07 
 1.80000000e+00  1.54878498e-06  3.69383429e-07 
 1.80000000e+00  1.54876848e-06  3.77394542e-07 
 0.00000000e+00  1.54875633e-06  3.75279257e-07 
 0.00000000e+00  1.54878187e-06  3.85431349e-07 
 1.80000000e+00  1.54874606e-06  3.88902677e-07 
 1.80000000e+00  1.54877212e-06  3.93621988e-07 
 0.00000000e+00  1.54879046e-06  3.92661292e-07 
 0.00000000e+00  1.54878236e-06  4.05119053e-07 
 1.80000000e+00  1.54876594e-06  4.10998709e-07 
 1.80000000e+00  1.54879872e-06  4.17269746e-07 
 0.00000000e+00  1.54874201e-06  4.24204245e-07 
 0.00000000e+00  1.54877085e-06  4.27669704e-07 
 1.80000000e+00  1.54874482e-06  4.34773312e-07 
 1.80000000e+00  1.54876712e-06  4.39156921e-07 
 0.00000000e+00  1.54878613e-06  4.49927569e-07 
 0.00000000e+00  1.54877021e-06  4.49267901e-07 
 1.80000000e+00  1.54877657e-06  4.55944942e-07 
 1.80000000e+00  1.54877038e-06  4.58005729e-07 
 0.00000000e+00  1.54877530e-06  4.71663895e-07 
 0.00000000e+00  1.54878057e-06  4.70408622e-07 
 1.80000000e+00  1.54876597e-06  4.81802616e-07 
 1.80000000e+00  1.54878808e-06  4.86289395e-07 
 0.00000000e+00  1.54876376e-06  5.12598461e-07 
 0.00000000e+00  1.54876859e-06  4.98886351e-07 
 1.80000000e+00  1.54877728e-06  5.06405797e-07 
 1.80000000e+00  1.54876520e-06  5.05101781e-07 
 0.00000000e+00  1.54878305e-06  5.25244360e-07 
 0.00000000e+00  1.54877148e-06  5.15666173e-07 
 1.80000000e+00  1.54878659e-06  5.30103748e-07 
 1.80000000e+00  1.54876427e-06  5.32868910e-07 
 0.00000000e+00  1.54878637e-06  5.66252837e-07 
 0.00000000e+00  1.54876518e-06  5.46103664e-07 
 1.80000000e+00  1.54877581e-06  5.60943434e-07 
 1.80000000e+00  1.54876322e-06  5.58493014e-07 
 0.00000000e+00  1.54877506e-06  5.93503884e-07 
 0.00000000e+00  1.54876258e-06  5.78820092e-07 
 1.80000000e+00  1.54877557e-06  6.06496926e-07 
 1.80000000e+00  1.54877529e-06  6.12724762e-07 
 0.00000000e+00  1.54877598e-06  6.82720355e-07 
 0.00000000e+00  1.54875946e-06  6.27826992e-07 
 1.80000000e+00  1.54878295e-06  6.36507195e-07 
 1.80000000e+00  1.54875248e-06  6.20129299e-07 
 0.00000000e+00  1.54878227e-06  6.54462141e-07 
 0.00000000e+00  1.54876365e-06  6.23808219e-07 
 1.80000000e+00  1.54875437e-06  6.44328054e-07 
 1.80000000e+00  1.54877971e-06  6.38763638e-07 
 0.00000000e+00  1.54875710e-06  6.92549733e-07 
 0.00000000e+00  1.54876238e-06  6.50158242e-07 
 1.80000000e+00  1.54878103e-06  6.64402251e-07 
 1.80000000e+00  1.54875946e-06  6.52173810e-07 
 0.00000000e+00  1.54875606e-06  6.96505353e-07 
 0.00000000e+00  1.54878028e-06  6.68255112e-07 
 1.80000000e+00  1.54875893e-06  6.98608162e-07 
 1.80000000e+00  1.54876545e-06  6.98916040e-07 
 0.00000000e+00  1.54875391e-06  7.73452896e-07 
 0.00000000e+00  1.54877854e-06  7.12448340e-07 
 1.80000000e+00  1.54880115e-06  7.26196120e-07 
 1.80000000e+00  1.54876803e-06  7.06214820e-07 
 0.00000000e+00  1.54875299e-06  7.51775929e-07 
 0.00000000e+00  1.54876361e-06  7.14370799e-07 
 1.80000000e+00  1.54877654e-06  7.43181346e-07 
 1.80000000e+00  1.54876641e-06  7.39354789e-07 
 0.00000000e+00  1.54875089e-06  8.11282888e-07 
 0.00000000e+00  1.54877547e-06  7.56085356e-07 
 1.80000000e+00  1.54877476e-06  7.79079642e-07 
 1.80000000e+00  1.54876099e-06  7.65144293e-07 
 0.00000000e+00  1.54874931e-06  8.29505396e-07 
 0.00000000e+00  1.54873773e-06  7.91202069e-07 
 1.80000000e+00  1.54874853e-06  8.37780533e-07 
 1.80000000e+00  1.54876028e-06  8.41950481e-07 
 0.00000000e+00  1.54872237e-06  9.57972887e-07 
 0.00000000e+00  1.54874705e-06  8.58614470e-07 
 1.80000000e+00  1.54874667e-06  8.71756995e-07 
 1.80000000e+00  1.54877067e-06  8.38612380e-07 
 0.00000000e+00  1.54874537e-06  8.98653127e-07 
 0.00000000e+00  1.54876990e-06  8.40930170e-07 
 1.80000000e+00  1.54874485e-06  8.75907659e-07 
 1.80000000e+00  1.54874721e-06  8.64158864e-07 
 0.00000000e+00  1.54874284e-06  9.56200537e-07 
 0.00000000e+00  1.54876774e-06  8.78714772e-07 
 1.80000000e+00  1.54874279e-06  9.02941778e-07 
 1.80000000e+00  1.54874533e-06  8.79236467e-07 
 0.00000000e+00  1.54874105e-06  9.55634121e-07 
 0.00000000e+00  1.54876557e-06  9.04120213e-07 
 1.80000000e+00  1.54874019e-06  9.55450730e-07 
 1.80000000e+00  1.54877917e-06  9.55617836e-07 
 0.00000000e+00  1.54871340e-06  1.08287828e-06 
 0.00000000e+00  1.54873850e-06  9.76312421e-07 
 1.80000000e+00  1.54873749e-06  9.96183047e-07 
 1.80000000e+00  1.54873771e-06  9.61210560e-07 
 0.00000000e+00  1.54873580e-06  1.04108584e-06 
 0.00000000e+00  1.54873656e-06  9.74370622e-07 
 1.80000000e+00  1.54873510e-06  1.02348689e-06 
 1.80000000e+00  1.54870671e-06  1.01378056e-06 
 0.00000000e+00  1.54870793e-06  1.14020392e-06 
 0.00000000e+00  1.54873301e-06  1.04243125e-06 
 1.80000000e+00  1.54873180e-06  1.08181295e-06 
 1.80000000e+00  1.54873166e-06  1.05548132e-06 
 0.00000000e+00  1.54873584e-06  1.16730591e-06 
 0.00000000e+00  1.54872959e-06  1.10064353e-06 
 1.80000000e+00  1.54873413e-06  1.17995654e-06 
 1.80000000e+00  1.54871744e-06  1.18625015e-06 
