 v1              i(Viin)         i(Viout)       
 0.00000000e+00  1.50277354e-06  1.42819090e-11 
 0.00000000e+00  1.50278531e-06  4.44156882e-07 
 1.80000000e+00  1.50275410e-06  4.50312839e-07 
 1.80000000e+00  1.50279649e-06  5.52627981e-07 
 0.00000000e+00  1.50279609e-06  4.61973940e-07 
 0.00000000e+00  1.50280179e-06  6.04139188e-07 
 1.80000000e+00  1.50279040e-06  5.70452428e-07 
 1.80000000e+00  1.50277914e-06  6.14453810e-07 
 0.00000000e+00  1.50278905e-06  4.87438356e-07 
 0.00000000e+00  1.50279433e-06  6.42506208e-07 
 1.80000000e+00  1.50279366e-06  6.31565683e-07 
 1.80000000e+00  1.50279514e-06  6.82313726e-07 
 0.00000000e+00  1.50279737e-06  6.04025587e-07 
 0.00000000e+00  1.50280015e-06  6.92131195e-07 
 1.80000000e+00  1.50279561e-06  6.52054354e-07 
 1.80000000e+00  1.50279681e-06  6.73413481e-07 
 0.00000000e+00  1.50280453e-06  5.37591916e-07 
 0.00000000e+00  1.50279276e-06  6.90386372e-07 
 1.80000000e+00  1.50280875e-06  6.88768964e-07 
 1.80000000e+00  1.50279978e-06  7.40611256e-07 
 0.00000000e+00  1.50279840e-06  6.83175656e-07 
 0.00000000e+00  1.50281048e-06  7.60194581e-07 
 1.80000000e+00  1.50279237e-06  7.36071996e-07 
 1.80000000e+00  1.50278824e-06  7.57291886e-07 
 0.00000000e+00  1.50279116e-06  6.71473884e-07 
 0.00000000e+00  1.50280250e-06  7.67970576e-07 
 1.80000000e+00  1.50280277e-06  7.55068712e-07 
 1.80000000e+00  1.50280790e-06  7.86481934e-07 
 0.00000000e+00  1.50279365e-06  7.26203751e-07 
 0.00000000e+00  1.50280412e-06  7.85550256e-07 
 1.80000000e+00  1.50280329e-06  7.49686478e-07 
 1.80000000e+00  1.50278788e-06  7.60509806e-07 
 0.00000000e+00  1.50280459e-06  6.40243215e-07 
 0.00000000e+00  1.50277319e-06  7.72953271e-07 
 1.80000000e+00  1.50281542e-06  7.76441013e-07 
 1.80000000e+00  1.50280100e-06  8.20994742e-07 
 0.00000000e+00  1.50279707e-06  7.79984859e-07 
 0.00000000e+00  1.50280785e-06  8.40740697e-07 
 1.80000000e+00  1.50280765e-06  8.26018706e-07 
 1.80000000e+00  1.50279198e-06  8.43713565e-07 
 0.00000000e+00  1.50280639e-06  7.89539470e-07 
 0.00000000e+00  1.50280020e-06  8.56809564e-07 
 1.80000000e+00  1.50281927e-06  8.52181742e-07 
 1.80000000e+00  1.50281001e-06  8.76110192e-07 
 0.00000000e+00  1.50280033e-06  8.39583663e-07 
 0.00000000e+00  1.50280163e-06  8.80235476e-07 
 1.80000000e+00  1.50279622e-06  8.60254787e-07 
 1.80000000e+00  1.50280685e-06  8.70488634e-07 
 0.00000000e+00  1.50281177e-06  8.06985270e-07 
 0.00000000e+00  1.50281114e-06  8.79828789e-07 
 1.80000000e+00  1.50282014e-06  8.78040595e-07 
 1.80000000e+00  1.50280325e-06  9.03417614e-07 
 0.00000000e+00  1.50282166e-06  8.77735033e-07 
 0.00000000e+00  1.50280575e-06  9.12280484e-07 
 1.80000000e+00  1.50282131e-06  9.02748937e-07 
 1.80000000e+00  1.50279904e-06  9.13327412e-07 
 0.00000000e+00  1.50281223e-06  8.71247778e-07 
 0.00000000e+00  1.50281328e-06  9.19718573e-07 
 1.80000000e+00  1.50280452e-06  9.13185175e-07 
 1.80000000e+00  1.50281348e-06  9.29914904e-07 
 0.00000000e+00  1.50280448e-06  8.99550756e-07 
 0.00000000e+00  1.50281376e-06  9.30679434e-07 
 1.80000000e+00  1.50281359e-06  9.14131874e-07 
 1.80000000e+00  1.50281377e-06  9.19918620e-07 
 0.00000000e+00  1.50280434e-06  8.55223547e-07 
 0.00000000e+00  1.50281063e-06  9.29155021e-07 
 1.80000000e+00  1.50282113e-06  9.34035555e-07 
 1.80000000e+00  1.50280183e-06  9.55943918e-07 
 0.00000000e+00  1.50280379e-06  9.42298783e-07 
 0.00000000e+00  1.50280707e-06  9.69986573e-07 
 1.80000000e+00  1.50280714e-06  9.66867688e-07 
 1.80000000e+00  1.50281631e-06  9.78157601e-07 
 0.00000000e+00  1.50281198e-06  9.58571519e-07 
 0.00000000e+00  1.50280779e-06  9.85776893e-07 
 1.80000000e+00  1.50280793e-06  9.87860403e-07 
 1.80000000e+00  1.50281710e-06  9.98035603e-07 
 0.00000000e+00  1.50282709e-06  9.90193286e-07 
 0.00000000e+00  1.50280852e-06  1.00417759e-06 
 1.80000000e+00  1.50280852e-06  1.00133389e-06 
 1.80000000e+00  1.50281750e-06  1.00713920e-06 
 0.00000000e+00  1.50280692e-06  9.93958551e-07 
 0.00000000e+00  1.50281377e-06  1.01429661e-06 
 1.80000000e+00  1.50280898e-06  1.01695393e-06 
 1.80000000e+00  1.50282664e-06  1.02658093e-06 
 0.00000000e+00  1.50281407e-06  1.02338277e-06 
 0.00000000e+00  1.50281826e-06  1.03226139e-06 
 1.80000000e+00  1.50281834e-06  1.03395591e-06 
 1.80000000e+00  1.50280947e-06  1.03732421e-06 
 0.00000000e+00  1.50281445e-06  1.03714943e-06 
 0.00000000e+00  1.50282868e-06  1.04563993e-06 
 1.80000000e+00  1.50281861e-06  1.04871410e-06 
 1.80000000e+00  1.50280974e-06  1.05055543e-06 
 0.00000000e+00  1.50281868e-06  1.05435076e-06 
 0.00000000e+00  1.50280980e-06  1.05694656e-06 
 1.80000000e+00  1.50282757e-06  1.06244303e-06 
 1.80000000e+00  1.50280991e-06  1.06543528e-06 
 0.00000000e+00  1.50281005e-06  1.07765641e-06 
 0.00000000e+00  1.50281495e-06  1.07328138e-06 
 1.80000000e+00  1.50280747e-06  1.07774476e-06 
 1.80000000e+00  1.50282766e-06  1.07860519e-06 
 0.00000000e+00  1.50281087e-06  1.08623254e-06 
 0.00000000e+00  1.50281888e-06  1.08281635e-06 
 1.80000000e+00  1.50281001e-06  1.08865929e-06 
 1.80000000e+00  1.50281887e-06  1.09053747e-06 
 0.00000000e+00  1.50280859e-06  1.10554473e-06 
 0.00000000e+00  1.50282742e-06  1.09701800e-06 
 1.80000000e+00  1.50282760e-06  1.10244638e-06 
 1.80000000e+00  1.50281873e-06  1.10085396e-06 
 0.00000000e+00  1.50280965e-06  1.11399838e-06 
 0.00000000e+00  1.50282738e-06  1.10842016e-06 
 1.80000000e+00  1.50282738e-06  1.11936936e-06 
 1.80000000e+00  1.50280955e-06  1.12017132e-06 
 0.00000000e+00  1.50281454e-06  1.15424234e-06 
 0.00000000e+00  1.50281433e-06  1.12795981e-06 
 1.80000000e+00  1.50281419e-06  1.13430724e-06 
 1.80000000e+00  1.50282690e-06  1.12879518e-06 
 0.00000000e+00  1.50281390e-06  1.14829622e-06 
 0.00000000e+00  1.50280882e-06  1.13257411e-06 
 1.80000000e+00  1.50281763e-06  1.14650619e-06 
 1.80000000e+00  1.50282630e-06  1.14616857e-06 
 0.00000000e+00  1.50281318e-06  1.18517040e-06 
 0.00000000e+00  1.50280818e-06  1.15442882e-06 
 1.80000000e+00  1.50280783e-06  1.16627889e-06 
 1.80000000e+00  1.50281670e-06  1.16073404e-06 
 0.00000000e+00  1.50280697e-06  1.19807227e-06 
 0.00000000e+00  1.50280707e-06  1.17476429e-06 
 1.80000000e+00  1.50280638e-06  1.20465556e-06 
 1.80000000e+00  1.50280599e-06  1.20778995e-06 
