 yes             v(b0)           v(b1)           v(b2)           v(b3)           v(b4)           v(b5)           v(b6)           i(viin)         i(viout)       
 1.00000000e+00  0.00000000e+00  0.00000000e+00  0.00000000e+00  0.00000000e+00  0.00000000e+00  0.00000000e+00  0.00000000e+00  7.03258709e-06 -7.20138544e-08 
 1.00000000e+00  1.00000000e+00  0.00000000e+00  0.00000000e+00  0.00000000e+00  0.00000000e+00  0.00000000e+00  0.00000000e+00  7.03269097e-06 -1.45560151e-08 
 1.00000000e+00  0.00000000e+00  1.00000000e+00  0.00000000e+00  0.00000000e+00  0.00000000e+00  0.00000000e+00  0.00000000e+00  7.03280051e-06  4.02689864e-08 
 1.00000000e+00  1.00000000e+00  1.00000000e+00  0.00000000e+00  0.00000000e+00  0.00000000e+00  0.00000000e+00  0.00000000e+00  7.03290092e-06  9.61990523e-08 
 1.00000000e+00  0.00000000e+00  0.00000000e+00  1.00000000e+00  0.00000000e+00  0.00000000e+00  0.00000000e+00  0.00000000e+00  7.03300483e-06  1.48755383e-07 
 1.00000000e+00  1.00000000e+00  0.00000000e+00  1.00000000e+00  0.00000000e+00  0.00000000e+00  0.00000000e+00  0.00000000e+00  7.03310315e-06  2.05362994e-07 
 1.00000000e+00  0.00000000e+00  1.00000000e+00  1.00000000e+00  0.00000000e+00  0.00000000e+00  0.00000000e+00  0.00000000e+00  7.03320728e-06  2.59418435e-07 
 1.00000000e+00  1.00000000e+00  1.00000000e+00  1.00000000e+00  0.00000000e+00  0.00000000e+00  0.00000000e+00  0.00000000e+00  7.03330227e-06  3.14583822e-07 
 1.00000000e+00  0.00000000e+00  0.00000000e+00  0.00000000e+00  1.00000000e+00  0.00000000e+00  0.00000000e+00  0.00000000e+00  7.03333140e-06  3.66635547e-07 
 1.00000000e+00  1.00000000e+00  0.00000000e+00  0.00000000e+00  1.00000000e+00  0.00000000e+00  0.00000000e+00  0.00000000e+00  7.03342494e-06  4.23514308e-07 
 1.00000000e+00  0.00000000e+00  1.00000000e+00  0.00000000e+00  1.00000000e+00  0.00000000e+00  0.00000000e+00  0.00000000e+00  7.03352447e-06  4.77967490e-07 
 1.00000000e+00  1.00000000e+00  1.00000000e+00  0.00000000e+00  1.00000000e+00  0.00000000e+00  0.00000000e+00  0.00000000e+00  7.03361476e-06  5.33444890e-07 
 1.00000000e+00  0.00000000e+00  0.00000000e+00  1.00000000e+00  1.00000000e+00  0.00000000e+00  0.00000000e+00  0.00000000e+00  7.03370904e-06  5.85761661e-07 
 1.00000000e+00  1.00000000e+00  0.00000000e+00  1.00000000e+00  1.00000000e+00  0.00000000e+00  0.00000000e+00  0.00000000e+00  7.03379720e-06  6.41874699e-07 
 1.00000000e+00  0.00000000e+00  1.00000000e+00  1.00000000e+00  1.00000000e+00  0.00000000e+00  0.00000000e+00  0.00000000e+00  7.03389151e-06  6.95640452e-07 
 1.00000000e+00  1.00000000e+00  1.00000000e+00  1.00000000e+00  1.00000000e+00  0.00000000e+00  0.00000000e+00  0.00000000e+00  7.03397663e-06  7.50435582e-07 
 1.00000000e+00  0.00000000e+00  0.00000000e+00  0.00000000e+00  0.00000000e+00  1.00000000e+00  0.00000000e+00  0.00000000e+00  7.03415748e-06  8.00559022e-07 
 1.00000000e+00  1.00000000e+00  0.00000000e+00  0.00000000e+00  0.00000000e+00  1.00000000e+00  0.00000000e+00  0.00000000e+00  7.03424112e-06  8.57362963e-07 
 1.00000000e+00  0.00000000e+00  1.00000000e+00  0.00000000e+00  0.00000000e+00  1.00000000e+00  0.00000000e+00  0.00000000e+00  7.03433113e-06  9.11967192e-07 
 1.00000000e+00  1.00000000e+00  1.00000000e+00  0.00000000e+00  0.00000000e+00  1.00000000e+00  0.00000000e+00  0.00000000e+00  7.03441177e-06  9.67471834e-07 
 1.00000000e+00  0.00000000e+00  0.00000000e+00  1.00000000e+00  0.00000000e+00  1.00000000e+00  0.00000000e+00  0.00000000e+00  7.03449680e-06  1.02003893e-06 
 1.00000000e+00  1.00000000e+00  0.00000000e+00  1.00000000e+00  0.00000000e+00  1.00000000e+00  0.00000000e+00  0.00000000e+00  7.03457533e-06  1.07611707e-06 
 1.00000000e+00  0.00000000e+00  1.00000000e+00  1.00000000e+00  0.00000000e+00  1.00000000e+00  0.00000000e+00  0.00000000e+00  7.03466020e-06  1.13007350e-06 
 1.00000000e+00  1.00000000e+00  1.00000000e+00  1.00000000e+00  0.00000000e+00  1.00000000e+00  0.00000000e+00  0.00000000e+00  7.03473580e-06  1.18493550e-06 
 1.00000000e+00  0.00000000e+00  0.00000000e+00  0.00000000e+00  1.00000000e+00  1.00000000e+00  0.00000000e+00  0.00000000e+00  7.03474649e-06  1.23720159e-06 
 1.00000000e+00  1.00000000e+00  0.00000000e+00  0.00000000e+00  1.00000000e+00  1.00000000e+00  0.00000000e+00  0.00000000e+00  7.03482027e-06  1.29350886e-06 
 1.00000000e+00  0.00000000e+00  1.00000000e+00  0.00000000e+00  1.00000000e+00  1.00000000e+00  0.00000000e+00  0.00000000e+00  7.03490065e-06  1.34781834e-06 
 1.00000000e+00  1.00000000e+00  1.00000000e+00  0.00000000e+00  1.00000000e+00  1.00000000e+00  0.00000000e+00  0.00000000e+00  7.03497165e-06  1.40294940e-06 
 1.00000000e+00  0.00000000e+00  0.00000000e+00  1.00000000e+00  1.00000000e+00  1.00000000e+00  0.00000000e+00  0.00000000e+00  7.03504739e-06  1.45534988e-06 
 1.00000000e+00  1.00000000e+00  0.00000000e+00  1.00000000e+00  1.00000000e+00  1.00000000e+00  0.00000000e+00  0.00000000e+00  7.03511623e-06  1.51101307e-06 
 1.00000000e+00  0.00000000e+00  1.00000000e+00  1.00000000e+00  1.00000000e+00  1.00000000e+00  0.00000000e+00  0.00000000e+00  7.03519166e-06  1.56475480e-06 
 1.00000000e+00  1.00000000e+00  1.00000000e+00  1.00000000e+00  1.00000000e+00  1.00000000e+00  0.00000000e+00  0.00000000e+00  7.03525777e-06  1.61932329e-06 
 1.00000000e+00  0.00000000e+00  0.00000000e+00  0.00000000e+00  0.00000000e+00  0.00000000e+00  1.00000000e+00  0.00000000e+00  7.03610002e-06  1.66504658e-06 
 1.00000000e+00  1.00000000e+00  0.00000000e+00  0.00000000e+00  0.00000000e+00  0.00000000e+00  1.00000000e+00  0.00000000e+00  7.03616453e-06  1.72146469e-06 
 1.00000000e+00  0.00000000e+00  1.00000000e+00  0.00000000e+00  0.00000000e+00  0.00000000e+00  1.00000000e+00  0.00000000e+00  7.03623576e-06  1.77611632e-06 
 1.00000000e+00  1.00000000e+00  1.00000000e+00  0.00000000e+00  0.00000000e+00  0.00000000e+00  1.00000000e+00  0.00000000e+00  7.03629752e-06  1.83144658e-06 
 1.00000000e+00  0.00000000e+00  0.00000000e+00  1.00000000e+00  0.00000000e+00  0.00000000e+00  1.00000000e+00  0.00000000e+00  7.03636442e-06  1.88427125e-06 
 1.00000000e+00  1.00000000e+00  0.00000000e+00  1.00000000e+00  0.00000000e+00  0.00000000e+00  1.00000000e+00  0.00000000e+00  7.03642399e-06  1.94006273e-06 
 1.00000000e+00  0.00000000e+00  1.00000000e+00  1.00000000e+00  0.00000000e+00  0.00000000e+00  1.00000000e+00  0.00000000e+00  7.03649039e-06  1.99416446e-06 
 1.00000000e+00  1.00000000e+00  1.00000000e+00  1.00000000e+00  0.00000000e+00  0.00000000e+00  1.00000000e+00  0.00000000e+00  7.03654734e-06  2.04894999e-06 
 1.00000000e+00  0.00000000e+00  0.00000000e+00  0.00000000e+00  1.00000000e+00  0.00000000e+00  1.00000000e+00  0.00000000e+00  7.03653987e-06  2.10151897e-06 
 1.00000000e+00  1.00000000e+00  0.00000000e+00  0.00000000e+00  1.00000000e+00  0.00000000e+00  1.00000000e+00  0.00000000e+00  7.03659481e-06  2.15747691e-06 
 1.00000000e+00  0.00000000e+00  1.00000000e+00  0.00000000e+00  1.00000000e+00  0.00000000e+00  1.00000000e+00  0.00000000e+00  7.03665668e-06  2.21186800e-06 
 1.00000000e+00  1.00000000e+00  1.00000000e+00  0.00000000e+00  1.00000000e+00  0.00000000e+00  1.00000000e+00  0.00000000e+00  7.03670904e-06  2.26685971e-06 
 1.00000000e+00  0.00000000e+00  0.00000000e+00  1.00000000e+00  1.00000000e+00  0.00000000e+00  1.00000000e+00  0.00000000e+00  7.03676679e-06  2.31955035e-06 
 1.00000000e+00  1.00000000e+00  0.00000000e+00  1.00000000e+00  1.00000000e+00  0.00000000e+00  1.00000000e+00  0.00000000e+00  7.03681692e-06  2.37496215e-06 
 1.00000000e+00  0.00000000e+00  1.00000000e+00  1.00000000e+00  1.00000000e+00  0.00000000e+00  1.00000000e+00  0.00000000e+00  7.03687408e-06  2.42888272e-06 
 1.00000000e+00  1.00000000e+00  1.00000000e+00  1.00000000e+00  1.00000000e+00  0.00000000e+00  1.00000000e+00  0.00000000e+00  7.03692169e-06  2.48340886e-06 
 1.00000000e+00  0.00000000e+00  0.00000000e+00  0.00000000e+00  0.00000000e+00  1.00000000e+00  1.00000000e+00  0.00000000e+00  7.03706758e-06  2.53408092e-06 
 1.00000000e+00  1.00000000e+00  0.00000000e+00  0.00000000e+00  0.00000000e+00  1.00000000e+00  1.00000000e+00  0.00000000e+00  7.03711316e-06  2.58991728e-06 
 1.00000000e+00  0.00000000e+00  1.00000000e+00  0.00000000e+00  0.00000000e+00  1.00000000e+00  1.00000000e+00  0.00000000e+00  7.03716580e-06  2.64440646e-06 
 1.00000000e+00  1.00000000e+00  1.00000000e+00  0.00000000e+00  0.00000000e+00  1.00000000e+00  1.00000000e+00  0.00000000e+00  7.03720892e-06  2.69937554e-06 
 1.00000000e+00  0.00000000e+00  0.00000000e+00  1.00000000e+00  0.00000000e+00  1.00000000e+00  1.00000000e+00  0.00000000e+00  7.03725772e-06  2.75226162e-06 
 1.00000000e+00  1.00000000e+00  0.00000000e+00  1.00000000e+00  0.00000000e+00  1.00000000e+00  1.00000000e+00  0.00000000e+00  7.03729859e-06  2.80759002e-06 
 1.00000000e+00  0.00000000e+00  1.00000000e+00  1.00000000e+00  0.00000000e+00  1.00000000e+00  1.00000000e+00  0.00000000e+00  7.03734653e-06  2.86164698e-06 
 1.00000000e+00  1.00000000e+00  1.00000000e+00  1.00000000e+00  0.00000000e+00  1.00000000e+00  1.00000000e+00  0.00000000e+00  7.03738502e-06  2.91618873e-06 
 1.00000000e+00  0.00000000e+00  0.00000000e+00  0.00000000e+00  1.00000000e+00  1.00000000e+00  1.00000000e+00  0.00000000e+00  7.03735964e-06  2.96901970e-06 
 1.00000000e+00  1.00000000e+00  0.00000000e+00  0.00000000e+00  1.00000000e+00  1.00000000e+00  1.00000000e+00  0.00000000e+00  7.03739593e-06  3.02447214e-06 
 1.00000000e+00  0.00000000e+00  1.00000000e+00  0.00000000e+00  1.00000000e+00  1.00000000e+00  1.00000000e+00  0.00000000e+00  7.03743930e-06  3.07877468e-06 
 1.00000000e+00  1.00000000e+00  1.00000000e+00  0.00000000e+00  1.00000000e+00  1.00000000e+00  1.00000000e+00  0.00000000e+00  7.03747324e-06  3.13347970e-06 
 1.00000000e+00  0.00000000e+00  0.00000000e+00  1.00000000e+00  1.00000000e+00  1.00000000e+00  1.00000000e+00  0.00000000e+00  7.03751300e-06  3.18630316e-06 
 1.00000000e+00  1.00000000e+00  0.00000000e+00  1.00000000e+00  1.00000000e+00  1.00000000e+00  1.00000000e+00  0.00000000e+00  7.03754466e-06  3.24132665e-06 
 1.00000000e+00  0.00000000e+00  1.00000000e+00  1.00000000e+00  1.00000000e+00  1.00000000e+00  1.00000000e+00  0.00000000e+00  7.03758340e-06  3.29527531e-06 
 1.00000000e+00  1.00000000e+00  1.00000000e+00  1.00000000e+00  1.00000000e+00  1.00000000e+00  1.00000000e+00  0.00000000e+00  7.03761273e-06  3.34963112e-06 
 1.00000000e+00  0.00000000e+00  0.00000000e+00  0.00000000e+00  0.00000000e+00  0.00000000e+00  0.00000000e+00  1.00000000e+00  7.03139020e-06  3.42474546e-06 
 1.00000000e+00  1.00000000e+00  0.00000000e+00  0.00000000e+00  0.00000000e+00  0.00000000e+00  0.00000000e+00  1.00000000e+00  7.03141694e-06  3.48023897e-06 
 1.00000000e+00  0.00000000e+00  1.00000000e+00  0.00000000e+00  0.00000000e+00  0.00000000e+00  0.00000000e+00  1.00000000e+00  7.03145093e-06  3.53483153e-06 
 1.00000000e+00  1.00000000e+00  1.00000000e+00  0.00000000e+00  0.00000000e+00  0.00000000e+00  0.00000000e+00  1.00000000e+00  7.03147538e-06  3.58966728e-06 
 1.00000000e+00  0.00000000e+00  0.00000000e+00  1.00000000e+00  0.00000000e+00  0.00000000e+00  0.00000000e+00  1.00000000e+00  7.03150593e-06  3.64286468e-06 
 1.00000000e+00  1.00000000e+00  0.00000000e+00  1.00000000e+00  0.00000000e+00  0.00000000e+00  0.00000000e+00  1.00000000e+00  7.03152801e-06  3.69793983e-06 
 1.00000000e+00  0.00000000e+00  1.00000000e+00  1.00000000e+00  0.00000000e+00  0.00000000e+00  0.00000000e+00  1.00000000e+00  7.03155740e-06  3.75218999e-06 
 1.00000000e+00  1.00000000e+00  1.00000000e+00  1.00000000e+00  0.00000000e+00  0.00000000e+00  0.00000000e+00  1.00000000e+00  7.03157727e-06  3.80668772e-06 
 1.00000000e+00  0.00000000e+00  0.00000000e+00  0.00000000e+00  1.00000000e+00  0.00000000e+00  0.00000000e+00  1.00000000e+00  7.03153347e-06  3.85980103e-06 
 1.00000000e+00  1.00000000e+00  0.00000000e+00  0.00000000e+00  1.00000000e+00  0.00000000e+00  0.00000000e+00  1.00000000e+00  7.03155101e-06  3.91492516e-06 
 1.00000000e+00  0.00000000e+00  1.00000000e+00  0.00000000e+00  1.00000000e+00  0.00000000e+00  0.00000000e+00  1.00000000e+00  7.03157571e-06  3.96934574e-06 
 1.00000000e+00  1.00000000e+00  1.00000000e+00  0.00000000e+00  1.00000000e+00  0.00000000e+00  0.00000000e+00  1.00000000e+00  7.03159094e-06  4.02393182e-06 
 1.00000000e+00  0.00000000e+00  0.00000000e+00  1.00000000e+00  1.00000000e+00  0.00000000e+00  0.00000000e+00  1.00000000e+00  7.03161245e-06  4.07708128e-06 
 1.00000000e+00  1.00000000e+00  0.00000000e+00  1.00000000e+00  1.00000000e+00  0.00000000e+00  0.00000000e+00  1.00000000e+00  7.03162536e-06  4.13186571e-06 
 1.00000000e+00  0.00000000e+00  1.00000000e+00  1.00000000e+00  1.00000000e+00  0.00000000e+00  0.00000000e+00  1.00000000e+00  7.03164548e-06  4.18602233e-06 
 1.00000000e+00  1.00000000e+00  1.00000000e+00  1.00000000e+00  1.00000000e+00  0.00000000e+00  0.00000000e+00  1.00000000e+00  7.03165614e-06  4.24034846e-06 
 1.00000000e+00  0.00000000e+00  0.00000000e+00  0.00000000e+00  0.00000000e+00  1.00000000e+00  0.00000000e+00  1.00000000e+00  7.03176710e-06  4.29173413e-06 
 1.00000000e+00  1.00000000e+00  0.00000000e+00  0.00000000e+00  0.00000000e+00  1.00000000e+00  0.00000000e+00  1.00000000e+00  7.03177540e-06  4.34666289e-06 
 1.00000000e+00  0.00000000e+00  1.00000000e+00  0.00000000e+00  0.00000000e+00  1.00000000e+00  0.00000000e+00  1.00000000e+00  7.03179089e-06  4.40110671e-06 
 1.00000000e+00  1.00000000e+00  1.00000000e+00  0.00000000e+00  0.00000000e+00  1.00000000e+00  0.00000000e+00  1.00000000e+00  7.03179697e-06  4.45559593e-06 
 1.00000000e+00  0.00000000e+00  0.00000000e+00  1.00000000e+00  0.00000000e+00  1.00000000e+00  0.00000000e+00  1.00000000e+00  7.03180930e-06  4.50886662e-06 
 1.00000000e+00  1.00000000e+00  0.00000000e+00  1.00000000e+00  0.00000000e+00  1.00000000e+00  0.00000000e+00  1.00000000e+00  7.03181306e-06  4.56349323e-06 
 1.00000000e+00  0.00000000e+00  1.00000000e+00  1.00000000e+00  0.00000000e+00  1.00000000e+00  0.00000000e+00  1.00000000e+00  7.03182391e-06  4.61771106e-06 
 1.00000000e+00  1.00000000e+00  1.00000000e+00  1.00000000e+00  0.00000000e+00  1.00000000e+00  0.00000000e+00  1.00000000e+00  7.03182542e-06  4.67197808e-06 
 1.00000000e+00  0.00000000e+00  0.00000000e+00  0.00000000e+00  1.00000000e+00  1.00000000e+00  0.00000000e+00  1.00000000e+00  7.03176335e-06  4.72536480e-06 
 1.00000000e+00  1.00000000e+00  0.00000000e+00  0.00000000e+00  1.00000000e+00  1.00000000e+00  0.00000000e+00  1.00000000e+00  7.03176241e-06  4.77999662e-06 
 1.00000000e+00  0.00000000e+00  1.00000000e+00  0.00000000e+00  1.00000000e+00  1.00000000e+00  0.00000000e+00  1.00000000e+00  7.03176863e-06  4.83434092e-06 
 1.00000000e+00  1.00000000e+00  1.00000000e+00  0.00000000e+00  1.00000000e+00  1.00000000e+00  0.00000000e+00  1.00000000e+00  7.03176539e-06  4.88865246e-06 
 1.00000000e+00  0.00000000e+00  0.00000000e+00  1.00000000e+00  1.00000000e+00  1.00000000e+00  0.00000000e+00  1.00000000e+00  7.03176860e-06  4.94194654e-06 
 1.00000000e+00  1.00000000e+00  0.00000000e+00  1.00000000e+00  1.00000000e+00  1.00000000e+00  0.00000000e+00  1.00000000e+00  7.03176306e-06  4.99635421e-06 
 1.00000000e+00  0.00000000e+00  1.00000000e+00  1.00000000e+00  1.00000000e+00  1.00000000e+00  0.00000000e+00  1.00000000e+00  7.03176460e-06  5.05055097e-06 
 1.00000000e+00  1.00000000e+00  1.00000000e+00  1.00000000e+00  1.00000000e+00  1.00000000e+00  0.00000000e+00  1.00000000e+00  7.03175672e-06  5.10471813e-06 
 1.00000000e+00  0.00000000e+00  0.00000000e+00  0.00000000e+00  0.00000000e+00  0.00000000e+00  1.00000000e+00  1.00000000e+00  7.03253676e-06  5.15179176e-06 
 1.00000000e+00  1.00000000e+00  0.00000000e+00  0.00000000e+00  0.00000000e+00  0.00000000e+00  1.00000000e+00  1.00000000e+00  7.03252661e-06  5.20624680e-06 
 1.00000000e+00  0.00000000e+00  1.00000000e+00  0.00000000e+00  0.00000000e+00  0.00000000e+00  1.00000000e+00  1.00000000e+00  7.03252363e-06  5.26064210e-06 
 1.00000000e+00  1.00000000e+00  1.00000000e+00  0.00000000e+00  0.00000000e+00  0.00000000e+00  1.00000000e+00  1.00000000e+00  7.03251121e-06  5.31486420e-06 
 1.00000000e+00  0.00000000e+00  0.00000000e+00  1.00000000e+00  0.00000000e+00  0.00000000e+00  1.00000000e+00  1.00000000e+00  7.03250529e-06  5.36829485e-06 
 1.00000000e+00  1.00000000e+00  0.00000000e+00  1.00000000e+00  0.00000000e+00  0.00000000e+00  1.00000000e+00  1.00000000e+00  7.03249049e-06  5.42254241e-06 
 1.00000000e+00  0.00000000e+00  1.00000000e+00  1.00000000e+00  0.00000000e+00  0.00000000e+00  1.00000000e+00  1.00000000e+00  7.03248278e-06  5.47680746e-06 
 1.00000000e+00  1.00000000e+00  1.00000000e+00  1.00000000e+00  0.00000000e+00  0.00000000e+00  1.00000000e+00  1.00000000e+00  7.03246567e-06  5.53090226e-06 
 1.00000000e+00  0.00000000e+00  0.00000000e+00  0.00000000e+00  1.00000000e+00  0.00000000e+00  1.00000000e+00  1.00000000e+00  7.03238516e-06  5.58449308e-06 
 1.00000000e+00  1.00000000e+00  0.00000000e+00  0.00000000e+00  1.00000000e+00  0.00000000e+00  1.00000000e+00  1.00000000e+00  7.03236566e-06  5.63868124e-06 
 1.00000000e+00  0.00000000e+00  1.00000000e+00  0.00000000e+00  1.00000000e+00  0.00000000e+00  1.00000000e+00  1.00000000e+00  7.03235318e-06  5.69300857e-06 
 1.00000000e+00  1.00000000e+00  1.00000000e+00  0.00000000e+00  1.00000000e+00  0.00000000e+00  1.00000000e+00  1.00000000e+00  7.03233133e-06  5.74708356e-06 
 1.00000000e+00  0.00000000e+00  0.00000000e+00  1.00000000e+00  1.00000000e+00  0.00000000e+00  1.00000000e+00  1.00000000e+00  7.03231603e-06  5.80056943e-06 
 1.00000000e+00  1.00000000e+00  0.00000000e+00  1.00000000e+00  1.00000000e+00  0.00000000e+00  1.00000000e+00  1.00000000e+00  7.03229176e-06  5.85462809e-06 
 1.00000000e+00  0.00000000e+00  1.00000000e+00  1.00000000e+00  1.00000000e+00  0.00000000e+00  1.00000000e+00  1.00000000e+00  7.03227445e-06  5.90890394e-06 
 1.00000000e+00  1.00000000e+00  1.00000000e+00  1.00000000e+00  1.00000000e+00  0.00000000e+00  1.00000000e+00  1.00000000e+00  7.03224791e-06  5.96292981e-06 
 1.00000000e+00  0.00000000e+00  0.00000000e+00  0.00000000e+00  0.00000000e+00  1.00000000e+00  1.00000000e+00  1.00000000e+00  7.03232303e-06  6.01482629e-06 
 1.00000000e+00  1.00000000e+00  0.00000000e+00  0.00000000e+00  0.00000000e+00  1.00000000e+00  1.00000000e+00  1.00000000e+00  7.03229409e-06  6.06876031e-06 
 1.00000000e+00  0.00000000e+00  1.00000000e+00  0.00000000e+00  0.00000000e+00  1.00000000e+00  1.00000000e+00  1.00000000e+00  7.03227198e-06  6.12305431e-06 
 1.00000000e+00  1.00000000e+00  1.00000000e+00  0.00000000e+00  0.00000000e+00  1.00000000e+00  1.00000000e+00  1.00000000e+00  7.03224066e-06  6.17697467e-06 
 1.00000000e+00  0.00000000e+00  0.00000000e+00  1.00000000e+00  0.00000000e+00  1.00000000e+00  1.00000000e+00  1.00000000e+00  7.03221579e-06  6.23052730e-06 
 1.00000000e+00  1.00000000e+00  0.00000000e+00  1.00000000e+00  0.00000000e+00  1.00000000e+00  1.00000000e+00  1.00000000e+00  7.03218208e-06  6.28436934e-06 
 1.00000000e+00  0.00000000e+00  1.00000000e+00  1.00000000e+00  0.00000000e+00  1.00000000e+00  1.00000000e+00  1.00000000e+00  7.03215517e-06  6.33865013e-06 
 1.00000000e+00  1.00000000e+00  1.00000000e+00  1.00000000e+00  0.00000000e+00  1.00000000e+00  1.00000000e+00  1.00000000e+00  7.03211896e-06  6.39255909e-06 
 1.00000000e+00  0.00000000e+00  0.00000000e+00  0.00000000e+00  1.00000000e+00  1.00000000e+00  1.00000000e+00  1.00000000e+00  7.03199896e-06  6.44655913e-06 
 1.00000000e+00  1.00000000e+00  0.00000000e+00  0.00000000e+00  1.00000000e+00  1.00000000e+00  1.00000000e+00  1.00000000e+00  7.03198066e-06  6.50021006e-06 
 1.00000000e+00  0.00000000e+00  1.00000000e+00  0.00000000e+00  1.00000000e+00  1.00000000e+00  1.00000000e+00  1.00000000e+00  7.03194880e-06  6.55450825e-06 
 1.00000000e+00  1.00000000e+00  1.00000000e+00  0.00000000e+00  1.00000000e+00  1.00000000e+00  1.00000000e+00  1.00000000e+00  7.03190773e-06  6.60835202e-06 
 1.00000000e+00  0.00000000e+00  0.00000000e+00  1.00000000e+00  1.00000000e+00  1.00000000e+00  1.00000000e+00  1.00000000e+00  7.03187308e-06  6.66203233e-06 
 1.00000000e+00  1.00000000e+00  0.00000000e+00  1.00000000e+00  1.00000000e+00  1.00000000e+00  1.00000000e+00  1.00000000e+00  7.03182963e-06  6.71575540e-06 
 1.00000000e+00  0.00000000e+00  1.00000000e+00  1.00000000e+00  1.00000000e+00  1.00000000e+00  1.00000000e+00  1.00000000e+00  7.03179273e-06  6.77012003e-06 
 1.00000000e+00  1.00000000e+00  1.00000000e+00  1.00000000e+00  1.00000000e+00  1.00000000e+00  1.00000000e+00  1.00000000e+00  7.03174669e-06  6.82403149e-06 
